761227477821878272
1003822483
2252485376
338978134
509014495
1536586692
147468187
2555855469
434416218
713672420822016000
4176641770
3468758236
1640629376
2567338111
3911675410
1853880457
195900356
260629390
4621352489
37465512
3225642163
800019350
3245197925
1861279092
9148152
55931586
792074748
2205195972
1542985062
598175884
4818900934
728554091383816192
4865597357
516789349
2966594625
527890133
705035125122338818
2400811725
108951547
261743745
1031349493
732251348012568576
2781828779
1856706546
3291600190
1476925472
755503310610849796
339808161
370095618
1238952379
266164375
2842662399
757116950753472512
768151269080965120
229794379
579739781
587595530
754777926348992512
173525380
473922484
365791984
1578946556
2330614801
465396952
754223826511290368
3973216774
3451287557
339292112
392237934
760137441776898048
798926832
741230791997456388
1023743503
4912328409
2282294268
348630916
296116315
19260510
3416098468
2192892698
759030247882952704
784277892687552512
772163461291835392
70389795
707233528514215937
3157063689
335797496
159501471
735967130022203392
2155656165
510295008
752635918062944257
214945794
335931990
1499190715
286259125
755865991670792196
4633177708
789027698144313344
1568102450
492130472
3244713419
2652219162
95022440
757071717185511424
759626749525229568
966708012
761564206529384448
1639895185
1705334053
232098779
139680962
761279833263501312
798096711524696064
790576707757600768
146364372
45202147
342116144
610932613
4484727460
1513772221
798419667077529600
217499091
412228129
321254567
1133611849
1323026941
457393092
2148399572
227989627
781566387785437184
578408040
703517083208978432
733612771284291584
713375282066026497
1671282554
405584763
1502938230
178686630
1878689810
1157383543
1672840530
1626709573
432895812
804405414
740999800343105536
2199355297
740512952550326272
2958367414
764440761463140352
4087137681
422794359
3074739634
444923019
3710539763
329067918
93371565
399467049
1479335593
984149634
3433998213
146729030
242802799
246208471
354272369
2433551444
1488432067
731540316180885504
2898212969
789570670510403584
863856068
2996513566
749707679858323456
99688366
754414845747949568
988941607
438233264
2731041719
404716342
185666452
176161780
1566845156
2182209304
765601812422467585
192679969
145712569
219408264
784849726785093633
3097810151
315203144
220339854
2417925333
798609919033442304
3131827720
769139909860941824
3092338547
270963112
301411454
417721098
3246005939
3047977701
4753371460
405506637
212343420
4768609755
335537145
2994228197
532313864
715290080382988288
2266020686
1149145290
3298283496
278494560
419814704
183177351
385130238
541464250
2815166375
3419940359
2494209960
334854927
19973605
3143039872
76684228
4707853761
35814564
399616310
146439383
862956619
3291185755
484702359
310360565
4817767822
2325411252
275405039
717668354455183360
195692300
1649822154
3333391223
4463892459
3526127176
124869121
367594054
760082754319028224
383268796
431989923
751092858
216860555
564065020
742253520737435648
100434188
721666795
427605732
112158361
2783639050
717595036410585088
2153115992
3398874784
76619927
342910869
720997578331013120
107398074
788838360383127552
471177294
606538463
2758486468
1578429308
3295631942
224004994
49652081
184738327
966788479
752256789622747141
2970464164
1182963926
123661866
775970923874770944
3421001037
775614313537077248
952115449
95750581
1946715703
188246002
1926253208
279030930
289429099
1712984196
296122346
537347076
3329256142
931403100
541169753
3049791465
2597794477
138474394
715496661901058048
330673108
3198029057
4797207795
3296947997
1479926930
162394411
797878157626003456
3051963765
225342161
2230623994
98661784
1501214149
722638219
2808901605
135808232
474973211
1490226157
258716107
238374878
1482089340
255443924
146825290
2841257902
3291006800
850617692
476844928
207565864
2698571092
4093849180
187665951
3090522002
701347999147028480
160291664
372396573
120741096
3248064628
2250257154
2259431858
4841600669
70376326
2230727236
2324061487
321326184
2601910786
2209345883
317056500
390317432
2359545122
753976729090293760
326671174
1443173468
304066885
95046894
2464187718
2775134411
788146846380224512
939988722
1465673240
3223636589
2964547588
329830623
754081151808077824
2735810281
2606401332
755883977706237952
515757208
221075517
3041306380
266040229
2539614069
898139514
1182291426
760603106128306176
86803877
339561971
2631135071
4704511115
749532529
119697033
713428390812979201
1511135334
984703555
797354159364251648
72317760
292568802
4203540280
559356987
315763636
273583659
2362870337
796834214549352449
4127904851
746024881842692096
99767004
761290991886278656
3889140382
3375970263
764462183933771776
2461129187
152240038
1691348270
790470584908017664
240649859
1099122067
3106279635
1887872480
2714842608
188692133
3236996380
744965317
856893260
4316207848
3435371734
231098254
28722922
584153961
477103288
368004337
529661371
315859521
337142879
1601889157
327847076
250147891
388224395
327537729
453395762
703557249109729280
777478421958000640
355746797
383430158
574804679
798605599831363584
1320679518
564772859
491433030
3939825256
160159312
122330732
1493503788
87058213
1547554081
767373124874665984
790990744148402178
518584513
546817160
2972834393
1224933931
782510917615517700
344539501
94994016
764801656399785985
1022481798
104546623
230834250
2703345821
797058148804816896
297384731
335435923
3295663723
2886637923
712559452222787585
742834506097385472
555430152
625641053
1336132645
755891572231798784
1193968344
168271599
627646003
752562022982815744
794830776676347904
782834400920739840
2971784128
3464665517
934449583
732263204089430016
316406636
3434014539
1667540888
1316241673
170249454
2760330105
1029297596
3261032016
482253679
1513932186
2333788951
565844577
2340722004
2714872494
131666830
3909789141
633948059
329752102
286685959
2200385098
1182685242
3312132057
551688525
3172816431
183355022
710747413
2868077628
590099948
560374903
1217669886
798598343207305216
327001407
747912455070822400
755185566
110177565
1489893529
3239519171
99042039
2746519411
633104276
629264723
41331031
3241003757
798256512875499520
347228609
1517326824
1242445891
708622724
3794225955
3785972837
1493228185
3129412545
207497842
817519190
2306515184
577429217
748847720400433152
544327151
768504624303267840
3131407439
629344347
34277546
756819351399985154
513718648
2563355497
269972842
602721937
295853824
772179442764484608
284425564
1513775492
3246507831
2434745782
3949671855
4187042483
3314707126
96383038
1165355204
1972993574
992698718
2717292027
559530403
488398550
97633254
791761808231194625
735707450
2250424834
316024518
717794537675034624
797162876083601408
1484094630
3045832461
389549675
185751178
753570140046884864
771823758277545984
798067384762437632
4712910045
2904411878
726046589324804096
2831602421
726961218712428544
383896363
734892822663401472
325133628
145754103
288790216
269138894
556698687
788416596435996672
1169355126
409357111
140202120
244143576
3127032191
993449731
372429460
619503273
1156742251
618945808
3297199405
400953592
164442769
354271476
779451237704105984
356175583
253039455
1946650880
63222870
2160396057
1130807100
1415080398
760946244281827328
780087942526230528
570968945
353965133
96533234
773217736386371584
3308798674
593538673
777261663103938560
127652983
797806835302617088
736609050226524160
756566898893004801
789567980753526785
62262869
2744554819
336730681
1550165718
2156821688
242023658
797352859788578816
328926558
289175592
341495097
4735977316
1367336900
3376736759
196483552
365643781
797869110554230785
210065681
732456001786372096
797541702764527618
4156733176
4240665477
66106826
307814447
2947743293
72357402
354813526
3414025456
1668321835
1770409566
2720287547
170596124
719542019048259584
2485009895
146380874
734398609
200066522
429384272
341368897
3569403977
2218241402
246582080
2232507927
3369294083
812790925
4620979037
1647408583
1228200667
731637314
336531942
756237381984985088
234462086
58760441
390573470
3588199349
196716959
2440550519
1053458384
2379463012
2902775183
14558083
932297600
549254392
2298110385
2873398249
2892333898
392772253
172321142
475870915
745285010278785024
1058611441
759908811897499648
290175336
2425766718
818115612
319833045
791309188068675584
323182462
3971088861
324295226
102746297
1460865709
2188667840
119360037
344991259
725579720088293376
3396007629
583736068
2592847915
953670216
850662512
2539860527
569397039
238137530
1621102674
463855303
722144651172556800
1522978274
367595050
15769673
300212519
2196844850
712677033
205225278
788532719961636864
192370312
418767477
2749469681
1704327643
145661005
158045453
290023375
798599955690782720
3980673465
100295236
3176875947
887282312
796017601868664832
447936263
798601873334960128
461203903
282768962
351311445
399675565
277542604
436168246
97465498
75363541
2944109458
797176427540054022
258721670
1473240434
1491473714
1255163832
755020734104305665
581061714
293405815
404401473
3239242510
3435450291
798600425733767168
3027110969
1682819659
1474157947
3044483094
727184439286087681
2739818241
2438693380
788060761587380225
182813881
2462617205
208369763
225021990
1145119592
746715012052451328
745742009634258944
796276910
491235594
796888203760373760
112730648
4317834675
132386026
419490579
785950457093029889
4845540765
385344606
781436601947852800
206109921
3399442168
3349192337
3063870509
2588053484
4317058637
2156723545
368885614
796378716716863491
735185224250884096
4654797198
252016577
794937167164407808
3141770187
705483918137548800
297865147
697133531634495489
483161915
2477326921
783319689715912704
3297879515
242791689
746265818355359744
4046260702
3652945703
762261460424781824
2950936403
4909373625
1148151486
308512610
151006912
738303152135536640
226602722
255521023
630999509
2961140548
624845904
187353448
1015026733
579270913
109675791
107718207
756913719855157249
337509677
698255450576396288
2769847106
713383868167020544
269443372
2942312007
1732206942
2501709305
332727423
819055507
781242577278369792
798020724409634816
251730245
898468171
106455480
81097590
87804947
3627420733
2228688961
388295083
195647730
394946315
553440749
213160170
713718122520379392
42164230
3241077393
634003086
2879669323
162325665
3418748775
3127128546
794251298854096896
250535089
545829133
112284695
185570582
3742686503
400861759
776029134585749506
823910754
762677802747432960
2244642331
91614874
737353078324744192
145619183
392605769
2448032953
2772396526
935365184
280941156
385174370
386191898
260540938
213840903
744568422743314432
212992933
792388893500968960
3044740105
725229536523202560
862843238
244195849
776828859958296576
387855284
115640452
3341269335
202108176
342678297
1560961596
460065909
4204286111
350958959
770556029222486016
495150517
3872936837
3337939023
336643553
780143415354884096
2488584102
295126818
3537658281
78844082
468159663
347177739
219089218
1252959074
4032628941
1524428394
2895946744
147345430
791997861785374720
109290319
96418566
349123628
4416139095
93292911
264713586
1295169894
306436275
2379038742
1541318839
479350338
203853722
3302552841
147017872
459966699
777489216913768452
858771793
2165509281
331737551
3725665997
2495797615
722961814573748224
147159826
2893101833
1099107684
342969030
477073962
602800533
4289315874
3917424574
137974207
315182281
4066981757
76367997
118134960
492040667
798142823551959041
986911464
83178173
4878669443
1532941122
477954067
249294535
839427127
294077126
413797086
345310824
244107189
350611294
796774591905595392
791346035276804096
115007343
436846759
748253155855564801
738682774207508480
53898568
625077366
3981823097
1880631828
576049637
94577186
3854207363
433746522
1027046022
2279120397
2662803188
2707521659
1629098983
531244209
768056522156937216
316335484
281483542
1488411336
1123305960
755150932300660737
758311315106586624
1043224387
789853808104992768
1918106168
1436879504
556987734
347753817
169390219
713402519813234688
1904800201
214226273
264747718
479901964
1681036189
713073346238418944
787199133945729025
3036434158
270910604
1566549139
780970029865168897
794605497815105536
772386498763161600
608431556
3131104803
38161870
3395789098
198262687
2950177414
302262704
558966617
593036873
290462191
3523292717
937237399
271583956
1388906401
1577293632
769659016972791808
4001319513
2406823641
1013674856
189671892
1524868105
74681324
404184269
55509116
3355186857
779773943917998084
838524319
106090770
3020213309
1010841462
384907283
712000510186954752
191393568
2780380738
798595596370268164
1672867818
410782811
780027397601169408
756488180912840704
219939920
220270226
637253356
2734501882
214543425
1535016846
335840936
460991530
301015466
1692235567
301674726
742129296819490816
723849739721121792
148763074
748616952474652674
774363720344625153
439227805
4754263461
798132575176945664
175422917
88462414
2735218991
2645990290
589339184
170272727
525367572
114826475
279013214
267308384
1498712216
136190236
4265609199
193725229
587964427
314812802
2259640386
2764264390
340366597
305099124
312758014
944616762
509024846
2468931652
354432955
713441077626273792
296905841
1106114935
3365579247
199618157
2364678411
798228346991677440
376124138
250262142
275601161
253282562
769090186848370689
154135065
2467807275
2264902283
1568388691
794871858281807872
1371885678
63727676
861251377
191221172
2471290805
4192833773
2389022732
791135292
227248114
4684294758
792800370254868480
1219418443
703219082
570604102
521237184
234271959
162007773
754245451310850049
309095770
798049820371992577
2206458725
1557728965
1851044587
768648121366765568
2975172726
2904394983
755090943032819712
754227953400160256
151477329
3304800838
316448169
2281014559
1243658864
92512904
322807757
132875638
2718198257
396079730
1131962456
236905041
196721836
3090297937
177346516
2889591101
251085925
3531222502
2261790030
188833879
2790367748
257570100
578981568
2266315236
73574255
2524529904
177528545
293861082
2426461858
305080419
1001071370
782651677794930688
298323903
378524823
3102967053
930051607
310242435
777015521279631360
724608984
2202336802
2685230914
101863105
2702490171
620855716
951381193
1140112848
222745105
317362006
233140467
382780628
261337415
2840976489
2760688168
2280141521
1849156314
3129648657
316541486
1394430379
2174241025
22009940
1468012982
314440502
583984512
736878040471441410
546928982
578981215
216102864
4150928891
164078188
2153489940
1897326445
782565539495440384
199643477
1452299221
773925827083923456
190220704
3000468545
598313991
1421438504
761883366853607424
453766065
738687287509323776
379219316
73682349
1495956319
756369813686067200
218896114
730739240615723009
2450017202
2958621388
761523544849342464
87190344
1003701937
108968769
737973585298522112
609330042
543865479
703707990
2850334121
886674481
232820039
125436211
287322030
3299229862
419729113
369073194
502051298
1677731414
125674234
4220576307
124245438
2956207665
2994210736
261756770
242723042
425292024
483129459
190404136
1141072315
720629749
3708267917
2552256872
155664564
88472133
755909925935714305
602186130
1326789974
437789994
733500001
2951754617
798577349830803456
3202291733
792038849992069120
280586468
338342511
258515609
359361690
110681563
3212451855
1065136861
570182850
176813722
1018276069
2865081054
734437286528569344
797301609923571712
2338423135
108085834
242747383
567225271
2294797614
498958826
67004856
205766654
387809405
4047687135
2267974646
338596022
482416591
194305995
783678068095348736
4480217777
2721284196
269390909
183979676
110000476
1527871681
754822390975172608
1059294967
2718852881
174370053
294696497
2478859506
2170625435
713624982518108162
2323772864
142452623
3089454319
776870767740981248
774160545901453312
470353056
146233397
520300314
470491849
4375627282
481233143
169068696
175365379
726342126762647552
2361874976
1102180872
4825594947
1528672699
2192669534
124848074
2871959909
497670186
2649427951
227096101
780437026474696704
495267983
742479213798776832
371665276
2635023849
257636356
393888290
1128209292
115320208
1949624490
1585794187
465678189
2369421321
795336765867429889
4756913175
2399881015
3425415347
1968817446
435995883
2380738454
755529416533536773
487378123
93228525
63711225
347875344
169839263
323987191
4153058356
213782575
275163318
537014908
798161112697110528
146783921
4112473919
296158566
729228102602248192
798284970657804288
3740509637
715542681
769567378212610048
559046730
235778195
860630996
129916407
2497509945
455356073
3313546077
369467789
93631590
1140854396
2782237939
2546352758
3762653297
2874202871
86730133
109196701
131830773
1555576020
1116697406
336639852
4615879233
1695948870
408007194
433352449
2387571863
3222186621
2939681619
590958647
700719096250372096
4417497568
351129858
167674466
131483279
2755851001
790604252012015617
741282182510043137
798189116592525312
288424518
341121586
1711980866
3380276081
118091935
277083542
96994841
797924770243297280
137441016
4855341483
426046431
296329725
2930816056
785793800992092160
2623005641
741293594452037632
3134630295
792423534
2937577529
738730585
1554165512
332176086
1011274381
399981173
789829807727058944
1304472547
375242844
4853995402
131602769
978279944
797811543954034689
3038089733
2776207662
625393262
3622000576
2793549727
1456333352
261420224
584987920
701128030148829186
1242214861
165083202
796114864796299264
2264578226
791791716453998598
1721803189
3783684622
537347725
2895834227
4241383643
3402778600
4895389865
1938934340
350554801
1017636534
707292455641751552
977924149
538425754
345202192
147592665
3423666219
502908425
348549851
1367284416
795637344976113665
542289220
3853642229
2437131480
581955425
259298051
184007653
798573824870678528
244111480
3151698562
301671680
715179069701296128
2211062059
3407353822
307435687
1144908475
798579913121005569
1485626946
1942073640
1409882964
593018831
234845217
1553364438
123295969
2752399881
2662417016
1603612220
367367321
2526583617
118084739
745373922527424512
176734453
1287476124
435876045
3149401870
3061594636
616155920
610062766
3251325472
254781509
1127852808
250543833
2999270175
36339320
220720504
2503836319
546039286
835141915
709005425
176939653
762942349458673664
494309130
702189743581351936
1052250546
113772199
292576355
718259960
125049373
1189850126
583167741
580108107
2199955057
320849349
795518473027915777
2612986638
1120461836
343490881
1519244658
573996404
294369741
1317642852
3973476989
2207655326
76012497
291348458
540370529
3309750389
357367903
1899408656
738182348
707482000047874049
966907482
26075805
195933868
371082538
3937010525
798558351630155776
377926579
231822905
152701296
184536208
412851266
798540454459572224
3009772161
798540223244275712
794199893770436608
737298076881330180
87160150
1608301980
921574670
1477917768
793719253614592000
704832974932434945
725002787118014464
1317789162
798506075842613248
15291089
2474044685
798500891796144128
787202959058866176
297571334
798489957493067777
798486564460490752
796407981042782209
315942447
1854675618
798316707089698817
4819713965
263227804
2472709399
316664452
798475619705221120
101710905
2158787692
419006760
301500201
797275676604649472
247788835
796236750091862016
797053986687877121
361940502
3194632437
4196229345
161236995
246144748
185573126
745585293294731264
143567810
78906970
794098476875386881
769093767118946304
3295864754
798434914240700416
1106258612
798426507874025472
774294145691160576
755870088864014336
2714811212
3025351948
798408715665833984
45985161
737919111410417664
373241024
1870546988
294528618
2893582303
2412995878
4777844902
1435056824
2451018648
798395345248092160
2361759976
794741605928472576
2207814780
796772724517564416
720594453531009025
3293667432
789274559144951808
798350270858231814
39621846
148366684
856701612
769787785695924224
25977321
3431351393
35533698
2607895501
798298990899056640
1541922074
798290540085342208
778147636520058880
798288874137145346
3164299326
744093322029961216
787815639608164352
798273658884132864
493882948
712706124882034689
146019356
798277820908707840
101091897
3078221158
2204282154
3351075322
4829602955
759116063984480256
721728769
785149036353511424
531191671
815453216
3163579330
2314717846
709357801211105281
740638095398326272
3396274792
1880068554
3749133436
798261551958474753
1641401342
749617283316740096
187442943
376992063
740564538379112448
28983839
2566125643
96154323
731525102597197825
75798978
148488483
324882141
435085778
202796394
1100706679
48992195
776923300085792768
791170140280877056
200183197
1055663276
28972644
212638743
2851133660
2575134926
701127496310333440
798244898189307905
709437462783922176
85928882
541840670
236564386
391476789
2433400080
434167193
603538312
246728240
718374536102731776
91852305
744039414
797510636360056832
2980068237
1026759962
2881684072
199208403
14577845
272056370
2162550042
2286792245
4144148429
58410237
781810758602616832
462980886
711651457523716096
798229321483751425
798230661559623680
797707975892860928
85134419
210212102
782849005990481920
1224100562
738164505721475072
798222936670871552
26030518
3366004313
1696979214
20941036
798202252343255041
798202788048203777
798200811327258624
2338279638
387580278
970081310
2378487658
3312314068
3471691875
796071610407075840
4775110228
243731487
366171497
4068097528
798131266159833088
798135884021374976
791106938092285952
2328510734
798128741046226944
790638887957893120
2371453056
797868615840186368
345968591
263448938
798108565009551360
3957966333
287695175
798101601466675200
798085717234765824
314630292
291386992
19529909
737289025027969025
492648019
962807497
4124602452
828366896
797968042466676736
797952361843007488
706294032843022336
1493298595
796471755430830080
3243071309
4129910782
358446020
797899187035762688
797265360223346688
797895369719955456
578410512
797892289792249860
783811358051672064
797892733738381316
797891579319087105
173409471
1478997192
122046067
1947323191
797877484788338688
1043091793
2494210033
793520062896414724
797869203181207552
270610467
750614605681004544
797861395819884544
349026974
794988272908910593
797857955727208448
208300993
125415521
702442541166280704
797520692241539072
762978169364312064
478513641
797832467864580101
797829309016719364
460051092
797822166398017536
797796225487695872
50115476
4240937129
1475460912
234757691
735121790201147393
2507182365
765682266219552768
3302321334
795281517031329792
361788463
554614514
301961040
796267940190584833
364286692
797764915780063233
797762690341027840
797760153936347136
2165512375
70281458
132306981
797751333365411840
792144722143875072
754355473562894336
797748749376360448
797743848768368640
797739531587948544
797476301565292544
797726189603483648
794002631169425410
797724054149103616
399656666
797714977050148869
797713538278113280
590382480
797711093296693250
797708399060353024
751897098992377856
104752291
2879881371
797695081193111552
733650220005920768
2303981780
797114705152241664
3127905667
529404207
797663846420901888
410746510
16648268
321318479
397910280
1349849124
797576036284297216
797573483270176768
152714579
797569022942388224
284130269
786822106910564352
2924429412
481045344
797540249329160192
2440615813
797531766672203776
797530182718554112
797529664071802880
797528515616837632
797528051290611712
797524767469400074
797520189629878272
364257839
558083067
2982880342
794341854552686592
2291706017
796398683831095296
2780374211
797478817849868290
797496618220130304
797493633721188352
797494049649414144
767700233761460224
3207820499
2843994389
797468551099596800
797459873277636613
797466913903411201
795910295856283648
797463062139863040
269941426
733508079816413184
797458553154007040
1566543794
797454887915286528
797454105094524928
3342937636
720316113020538881
2944443368
744545480558796800
2311996219
797441226429628416
563550101
1004857584
797425104900780032
766639435903557633
797421712128274432
766432132533280768
1522573502
796819104896286720
1443130896
797406216263704576
495451936
714671776094138368
797388781112463360
797382145794854912
2788978380
797371727395360768
796421625734430723
797368418806722560
797365509570367488
795690736117252096
736990702257733632
786525049650110464
797345954122842112
787582340297916416
797285881279381504
633287684
797230420710539265
741304736016699392
1855093610
356784284
1595184438
797194456424398848
1160701489
3382259111
797192344718241792
2218050693
790505432410365952
797186805892345856
797167572047237120
797184202856873984
797183259234959360
797178105282629632
797134365239156737
784876942797438976
1492996363
70655646
797168819563360257
66946573
1600617108
796933452318863360
590568021
2704123537
796808663851814912
797153577106112516
797152500369489920
797147888975486976
794326383157604352
604862772
797121882780745728
797123871589695488
797127995991486464
424522408
20810375
797122302987091968
3003189621
797120598044508160
793558756801916928
794872669342670849
631371319
237510002
2870958252
184764366
792816568904351744
1387612178
26922390
3003794829
782995302282321920
348983762
794794118585036800
2498226403
2345399832
365900691
778567246390198272
797049975578521600
536116699
749460381869940736
356195302
797032237422276609
797032536396484608
797028338929963009
797024818751213568
286734617
797004152173985792
593939304
434834953
797002580358533120
1534570910
3393941733
796649418976034816
19153711
796983889654939648
769827658481926144
3042696812
796974148673302528
1622572424
516724928
796972968027062272
759867614
796969758025482240
196204037
2983756587
792619857938354176
796931433608650752
795578194732716032
289335909
796855877164826624
3377458043
561060719
1229936725
178938990
90669866
4098687256
1354307419
188892240
796818654436491265
2452966489
796818255864336385
796816368549109761
1063212175
796809733973872644
1457296010
4787114907
200796649
796797586766184448
796795014110150657
777570207300739073
2901544604
31359673
796784908819697664
796786102904430592
757205810615357440
796781979492642816
796779266017034240
796774219707203584
796770486646689792
280477341
796694566288113664
796056467329650692
796764009596911616
33273066
796760992424333312
796741299693035520
796729269233795072
796748010269052929
3031085883
2574995447
3105967257
796733499822718977
709688919101743105
3074238584
796729004325801986
796725085231058944
796691780318167040
796726083555065859
160026688
796712388305321985
796703929170034688
2340129670
1144114142
753925118888333313
28139197
367099998
4863637725
191424744
266030856
796664706287157248
796661586148605952
796660553255153664
793018026304106496
1029355586
2647311537
796651122274562052
1484216090
3296587138
1574917243
796634401870319616
796632953182965760
813264049
796627897888964610
223067939
443680703
792649404931010560
146718180
794719200313036800
2343569386
4010060361
796596798567682048
719556706477424640
796583260319084548
490644329
3723247763
302339994
75988020
1862796884
796488136268324866
715412069684740096
3586481593
3089510428
756071317829541888
796475800749015048
1229677322
760712895248338944
2427633187
247450942
252839554
796462843713425408
2387733499
2726537040
795238121046687744
1128685904
4097376503
2999263119
796449180457766917
796448478394249216
2844452392
781091520359301120
129729777
796435088187785216
777134886813589504
796417144166776832
713645661317677058
223637920
796414971366215680
288944384
796412609557921792
300699982
3490645698
570255155
796398789875691520
780880802389323776
4840117174
796399327103111168
256515523
796396054249951232
756784308052975617
4872248171
762347349561794560
761281049557172224
748570834797731840
1965496338
796385945666945024
780455015592976384
726842586997112833
1526158609
796360316921774084
3492323003
3348738453
3197385514
796343999162449921
239349801
3132991268
796340907037573121
113021704
156715014
1897956013
218257412
2980387305
796318391262912512
783655726925348864
2426072798
730337513395519488
326109720
796304129350135809
110822532
791532379
2416339837
796298499465809920
200690187
796291633616736256
793340619850653696
733195176
796288615705964544
3011735117
593167170
830676710
149445389
498069431
2478391533
310287759
348913356
335179993
1682723622
749403252987494400
793139996622454784
56503547
388850232
1477410992
796256258542235648
1407802501
487460317
796250107104595968
758649183469498372
796246075267051520
793983788745248768
397100358
230190779
478794140
796237199591309313
46970523
791380083726491648
796230133304688640
960706398
165593468
757296637593133056
42059087
941199672
105130969
352441719
146820794
1131537691
288408801
2922930629
2469753860
225355472
1374372721
792044332186427392
2586881232
461520967
795873314988294144
501819523
704881669
73868906
587879668
1952809404
913387777
214369174
2779664258
785309649931214848
1484590976
778334797940731904
934747898
18628735
1671010219
796151695101362176
203065438
1395478980
3929499563
1866628526
3641861962
19661027
2937539787
26775504
757305576988835841
206452979
49070851
166944260
157065250
1014106616
3054260836
4035311542
359206390
336434722
70097612
390310223
742821169921949696
633649913
549998321
63173576
796121073003753472
3522904409
796118931861815296
747903176003751936
4386567855
77517878
817275054
3151962478
917380628
796108196620435457
222063579
1148701339
752208172094480384
4259217023
1346808584
200493538
729437334869938176
4217008589
796091182937935873
41563647
796078792611627008
795975797668478976
786317989066997760
1979388638
791965908923146248
1955223036
796063730975080448
264453735
784785937104502788
796057809616039936
2883109236
420617514
1870926068
796050676023459841
796043512198402049
793611003321720833
2709984428
796036974389903361
1872629923
700307506988523520
796019646419890176
2235192569
370296630
2363845722
761468034833874944
1612974324
796000372791853056
796008184725045248
796000814192005120
373599183
1058439073
2324971837
86279000
2866002141
517084349
127620758
795987519473074180
788021014965972993
795977483443179520
758653389395922944
795965259676872705
3130694661
795959176765784064
795953494444359680
795952921439535104
266923106
165691038
317039828
2975586859
795915389242843136
795911261699604481
492040118
62753162
2787827239
320074459
795882321815674880
534813328
795869855736012800
312854037
1116973496
89423136
168939171
341106030
222415184
733741662011293696
795778427412422656
742340552251854848
1566503852
795748162065616896
1323269090
757279046543826944
333236357
795726934986592256
1614501007
795724945775009792
795724631810379776
206162718
224703401
795248979588087808
795035052421873664
795710429817344000
39161235
795698570443759618
112263487
2267677010
795692904006217728
795691205191462912
795490590192332800
3504644357
795689279238324224
790590122857201664
777986010722492416
4483851215
795680319949197313
795680812293390336
4781144953
2714349154
792368385778675712
170857892
795662532484747265
795659944209092612
2577070675
96119940
1351651993
82068750
281535448
57899584
155171212
3266938411
795622138921226240
795615771514769413
794669377790607360
792772578108735489
794547916916412416
795596744306393089
795602687928766464
795592966651973632
3261097151
795587331730317313
795583985153929216
795577305259245568
65678108
1409534035
3415176621
375315172
180639795
795554292325347328
739247805722722304
795515324884025344
793782103762694144
309044190
269738226
795193308322484229
3096517480
767795548191588352
795475625029079040
101294573
790527355404050432
762675505
739071017448931329
3282858104
55229242
770624485783400448
2305532694
795384293627490304
795376339197038592
795378194085974021
2221599523
763808709617283073
795367296512458753
795364517739974656
795362915201286148
776742750494593024
300818327
397128726
2358204051
795356608939356160
4577896043
3257714983
791796347968118784
2389771370
795345900990238720
729272796891754497
1731400051
795338998474571776
795333849714720769
795333017363476485
370957944
795326827854266368
77224750
795323229363650560
1917980113
795319766512758785
378029347
795315431540191240
556216949
795312785160859648
795308468425134082
795294505134149632
484034144
795290081066188803
3301463358
795288597297500161
1607061463
298160361
300465692
795278277120262144
954435566
999343573
795265271493722114
71174492
3295166307
2382143568
1061685446
775717840188018688
795252975262375936
795245412282200064
795236627819925504
795233845914304512
1657820461
3936600845
795219191108435968
2257538006
790145550515630080
2757557981
795210010359951364
534496133
2476926115
871859875
785864764333428736
2198176472
795183529994887168
729021203004989442
795170584036515840
850029302
795161797716217856
795159152523935744
778477344600174592
1403349019
795142773309640704
795140224733028352
783722427129954305
795108961703886849
795058109668618240
787946367268294656
795057219985412097
794781267023765504
4203762316
1446305094
795043910947143680
795042657596829698
795031844660117504
802282981
795029982741401600
31486900
795028443331264512
48998429
451696147
795020328368041985
402969216
795008423247147009
795004442475106304
795002821364088833
776203662
2961962866
789464663889154048
1093874198
968140242
107778097
127856537
76720976
794980038739394560
794977424836530176
4910303783
100330848
794974051714338816
793030396460007424
41488166
790480735446728704
154443616
83716753
794955935953416193
791450084
4711988071
794942181748391936
3087715709
2397808021
794939670375387136
794938415859036160
339434749
794932748209311745
794931609690603520
2997082169
794922395685502977
794920909878464512
203149162
794910756353507328
709305804478779392
794900150506373121
794897927961452544
789490132936044545
794890556530946049
2425748258
4887433451
758064280214331397
1613389716
744483150995263488
794875933706620928
794842603854434304
94512506
3037986710
793097669061206016
165477279
2472188536
791016446570659840
794812400730050560
78205951
1590668712
3467013433
794795862585180160
769509053148041216
794786580586229760
278080297
1607814450
730939503079084032
298061634
775398291106324480
3049357864
4685110412
1629870312
3491060776
174196017
794679180805996544
794680231047077888
794669647081639937
713937947725312000
794659865104941056
103057937
794658197575438337
794646288214192128
794645120129843200
222929957
708334653418151937
794633274802966528
794636209037447170
3366649660
787323904922624000
1154942600
794630105524011009
836702875
794630304887607296
794624968554377216
794622233297715200
3394180097
784294635300683776
794607885284155393
794615843548262400
794615073952202752
794255830874849280
794608789009924097
794600757190389760
794599484529528832
794589429394534400
794590489383149570
794584252344111104
794577046844403712
794573757016850433
791028906774134784
229540044
794562710335877120
794560347998920705
794500848986521600
794556437641003013
794553554719621121
794550527006744576
1658565620
794547171211218944
348312482
786681046158966785
767293922745913344
794534996363083776
1395381822
1404053233
465645708
794509880291917827
224259969
2888873196
794495616743276545
794495027674288129
196896699
427325472
794484438965030913
794480415113363456
794480718164463621
98170115
750981074734444544
25308508
2423498602
2748339732
142431729
794453745262350336
794443681298345984
1336931029
794441646989512705
794433890580647936
715795790195765248
1568874804
794421869994790912
46285804
794415896689254400
794407453991600132
829790978
510701160
352872462
63313555
2502895600
1556718540
130877029
1077525692
759429855721185280
479844853
764500701644984320
794308221058121728
106503796
794305348739989505
615384527
301320453
794300086629072896
794291957044510720
537629943
741412306828054528
553848726
355907771
1408637042
794277925109563400
794277816946851845
794277575061307392
914178188
794269685109981184
794268567915077632
147856307
794263799641604101
794260770490089472
794252564174925825
794255397209178114
794251336686637056
794250918158073856
782964164708933632
794246710641967105
794248485981851650
3297816859
794247417570979840
706105951938584576
758252335650988032
143663907
792538210979213313
794240448902680577
794238508470849537
794234019244376064
794233573939310592
3038076701
794171326294593536
424915524
794227835686764544
142673117
794217350656655364
794220918805594112
2996784874
794219581309153284
413813356
2770077240
350256618
794213273583362050
556131400
794211104155140096
794209224523972608
235356419
794208647161245696
794208599203573761
794208063934889984
916833540
794202250306535424
4904367652
794195651089272832
9888872
247170565
246453907
412332464
792113709523042304
790286711347642368
2171006547
46626587
23310483
2719073193
2877773182
1032242192
139778781
1168577346
794063754875047936
793117542076276736
794164365654163456
4860523216
2301141925
80845074
794156436146233344
794155383048769536
2180503816
521201090
359869485
789749856931905536
794141510015062016
794138242899726336
57124259
1081504093
794131434323775488
3007597254
3868933654
794118151445299200
284446017
791346084429729792
3026492272
775495168950689792
794097006528577536
2245056424
794093073257103360
250730020
4885319339
794076087911333888
3300758894
1402144964
794068946861297666
794051787972104192
792000252723200000
794032989084798976
794018344231927808
790804760546861056
81095948
3356256839
789631536199036932
727604006831456256
1082699144
780900741804396546
1621345382
3580748956
2696329662
732618525278375936
312049336
793924503025946625
793925305094340616
785081481844645889
793922298755551232
793922156203769856
793921386716733440
793914049763377152
108250721
531707913
793900715081097216
2871450408
793899594539233280
793900240181030912
793899698604171264
623952307
793897134135402496
793896841029050368
3160661390
793891144254025728
4825648533
793889115087527936
793888105333940224
754030611891978240
793460167274799105
2735406160
793883615662862336
793881764360032260
793880054421946368
793878028891881472
4633905682
793872978580824064
793872807478386688
225774164
595397725
793862474093166592
199613365
793852725037498368
793851871588937729
902671670
784767846538702848
49776499
3353055694
3091030383
58097917
793832424677466113
793833177949278208
1321201633
789105012249014272
3186365083
793825133802688513
793819709359677444
793818398878818304
793803861341433856
793803270745628672
793801409321926656
782955862813970433
793796169386328064
146331550
793792671747870720
793788312469311488
793784887371239424
765900659128426496
1176452010
793777739723669505
793775541325295616
411661442
483643769
4658878336
793753188226703360
793752398988767232
770657798615134208
793748762468507649
793744778097745920
793738909385650176
2912664585
1065663974
234843876
793731559530561536
757306038030925824
774194289387577346
793723228539719680
793719020910444544
793717140645969920
793712881451823104
793716907782307843
1913441653
1946054095
793688105891094528
739559712
715426376657084416
2645138008
168376502
712911177731276800
793607559227777024
62389341
793597991751938049
793594876524916736
793595279329095681
1928144694
793583951248035845
2180153317
793573413201805312
793573806828875776
793569601607110657
793567877152509952
793565961106448384
788734206864228352
793563525654405121
793557530622488576
2750822155
793552749006823424
293768205
2600741262
793544197794062336
793542373015953408
793542673395310596
793541352994856960
793541450847977472
1477700413
793540848092839936
21864403
793539584265220097
793532942710636546
161432008
793525467542327296
69308877
793523375687798784
793523193503965184
157971533
793512534582124544
283070404
4893243058
359197880
793498025717075968
91165933
793500068544450560
785139929630121984
793497104027090944
2745707759
782928187038830592
793481220910944256
779837282
2920507841
793461619594502144
793460253358710784
793452607918501888
793452318771544065
793451841354862592
3021512502
793447335334440960
3377642301
793447119336140801
793444078574768128
4603608617
105155809
793438481074847746
793434926116966402
2731492835
502078778
793422694494695424
422988828
276958261
793418154928136192
793417278498963456
793417895405613057
793403369104834560
792459765809029122
3080932864
1852449908
755898504246128640
793391125579046912
2403081504
51443713
2331871703
793366953964539904
793365191849369600
793363140314558468
793364278271217664
793361333202944000
927344552
793358539746111488
264284838
1127502992
793353823070908416
793353222375235584
793352334684385280
63134620
793342934955458560
863063448
84268413
793334867543072768
793328442423083008
791981004768546817
793316025626427392
793310201264955392
793301313119543296
4032829695
712219473
793290955336065024
311521754
543642675
20242981
793235235194437632
793231779327016964
793225436239106048
595115067
793223565831180288
48913700
2981939410
98394100
793204106139693057
2230526494
2546695478
793201811977039873
622317710
793201538588172289
793200968032714752
782696454120890368
595192637
3011723799
89039645
4902424572
788465702143307777
793185569044062208
793184825540747264
793182844122198016
793181926429487104
761486029
774462188
454665902
793175633299959810
3027197321
793173164448681984
793167782095519744
122296389
793164420126011393
793163974648983553
793161427909509126
793162038054903809
793157953931149312
2829594974
793151975265296386
793155603711557636
706528006270029824
793150413818228736
1114561758
2788511340
292157026
755839407664443392
793133387582177281
793128098438995972
793127643692630016
58192571
114764156
129005818
73767560
793122156045561856
561987890
2321074583
3006185079
3708112575
793107602230087680
793108258433236994
793099395810066436
793104390768984064
793103602948640770
793101096055083008
793096257732481024
793085517340536832
377883902
793085362516230145
2637341045
793084528353050624
793083559246458884
2735039063
793074655900950533
713600883167256577
904735004
2237550699
755472416017481728
793061296249925632
793060679674630144
793060234566766592
2614440688
793052414572109824
943465734
793051987088736260
793052706688659456
793049657802907652
793044030565257220
600772403
566266518
600997391
793029726382264321
793024641061294084
792990686937243649
2457809985
793016391905443840
136623818
793013495423983616
792992196161048577
185315359
786496453870968832
218504101
792999698638508032
792993608949501952
732551949845925888
777911558471114753
195150734
2975933019
788010899407724544
1650349214
788490378307567616
3899555474
792950319269412864
535210665
792920984886083584
87577685
792901459377528832
792887893069033472
409063642
792870036465745924
792867185177858048
534618110
792857608835231744
4726633834
792845741001732097
792844717964787713
792844002521407488
792838604951326721
1858753826
787160544411279360
792834548358840324
792824641404436481
792832854493388801
2358294773
792816998145286152
792824845214113793
792825084721397761
792821459685113856
792818145476091905
708739902
792805798925701120
792808495536082944
792804824223981568
792805228034785280
792804436598988800
792803793981300736
792803600674217984
792803465340784641
792798664209170432
792798739157118976
165134394
792796715623583745
792596811722682368
792793906664603648
792791364606058496
792792656745234432
1522967389
3131543493
3242443343
523107214
792782964132306948
792782927188922368
792781938578849792
792781061428224000
792780662747066369
792778018905268224
792775266523283456
792775281308303360
792772254748839936
792768786197807104
792764389141143553
792347835001933824
792762689420464128
792762214868484096
274977516
792760721075568640
792757253925441540
792756189406920704
792754959133634560
792751319501115415
792746366057447424
791989265366482944
792736519828148226
792738314071728128
1187955254
1655947836
792728060730703874
792722442741510144
792711244612571138
792706444260937728
792690147657646080
3034659789
792695446582034433
770381417876422656
792693982711189504
792692099342884872
792691385719808000
105260647
364712341
792682666978050048
792404857953091584
792681062359035904
792680919232548864
792677294250786817
792675263645683712
2391560058
2970063766
29184680
792660633745588224
792657579851866112
792655344086487040
792655314046820352
792654831211208704
790982186073718784
792651682572300288
792652322845458432
792650761108946944
792650933914206213
2459150392
307823368
792633077000466432
792636412545892352
2243880009
792634305692463104
4579501580
3074021551
792617987283021824
792619804184174592
271574681
54958094
792615208925728769
2860081640
792610583459815424
792605170257526784
746526055431737345
792600668997648384
612561701
792544146187755520
3073505190
792530631947419648
792525960797122560
792498750677712896
148839445
792516058292813824
792470148246536192
792500122970095616
792494773177384960
358833219
792489007947145216
792486265438531585
778271963341066240
792479760765087744
2305637359
792471991521607680
792468040633966596
792465538391957504
792465087126728708
3429085378
792462043211243520
792459715074789376
792458145876549637
792455870428901377
792455370207793152
455153832
792448275467075585
792446021934735360
792445524184076288
2723720700
792442407245742084
781236648130572291
792434600349925376
792438560343359488
792433199964094464
792397756333690880
792432572148178949
145657965
792432661457473536
2859411202
4636095315
792424237671804928
1688045341
601711392
720252151134556160
792413538711179265
792412505977020417
3309554548
792409153394401280
792409217231618048
145976692
4403229201
792406326383116289
792406208456122369
792406000762576896
792402726265257984
792400445025218560
792397364736692224
2552850368
1316015034
547474241
1639730364
792386432207876096
792374744469348352
3064939548
792375238185148416
792360879882899456
3160620127
790649452532994049
792352544781639680
364389160
792349075114983425
379372161
634760975
790643621552857093
426913909
792336033904025600
792328433435041792
118130149
792291713742204928
357381347
792306794601349120
792305409944088576
792303939840536577
792302890379513856
792300841558507520
548488633
786550347971960832
3546888323
792285754126954496
711300225848184832
771741315667197952
2578888531
383694412
792270399501402112
792267051712782336
792266618445398016
792255339500539904
446770722
1659319243
47601185
200998380
792231252279627776
792093079088095232
792219919463186432
792211804806086656
792200723509420032
792179131823906816
792165375341395968
792163970538991617
792154742877282305
792145951150465025
783671105764622337
792137904135016448
788762825556647936
792130614430408704
1001261016
771373026478813184
792126096678481921
792120918906703872
3465146844
792117860902506496
792115661241745408
792112580785504256
2835781899
792112592139456512
792110535756095488
790061946611572736
792108005630341120
791899885435965440
792096063624716288
792100923539656704
331191050
792095280493723648
792095215003766784
792093694501478400
792090377494884352
792088371103408128
32967195
792084339781734401
788348531128033280
792083197089681408
785545927830429698
792079828971315200
792076150164029441
792075206458236928
792073532394070016
2166967814
2433821365
2240028448
792068976192942081
92505236
792065352221982720
754007353918382080
627750436
792054245210062848
792053821723869184
792053798625738756
792052220724449281
792052008438099972
792048498812317697
390966415
757884028703928320
792043878257979394
792017132477358084
792043517455503364
792042609166417921
792042661469417472
390235835
792036503077748736
342813180
792031401382117376
792027618140950528
568462400
792027182780604417
792025032969056256
792019559268122624
1580708940
761110670611877892
791990546415882240
762964362
791989056234291200
2789044321
791987272837128193
791984484174487552
791978170488614912
2168926219
2717350744
791981392209014785
791981051744747520
773864287
791978996598706176
3359184005
762692738882076672
791974167373545473
791974556122611712
791971627617685504
791970500847112193
786891563209220096
41921730
791969147085172736
791968114950799361
588714351
3379716305
791959918345461761
791963007605612544
791961250338975744
768105470481620992
3306372237
1068336990
791939236450619393
791934154648592384
190278056
791932608288391168
169531625
791920497734717440
115458737
791916993989402624
791917024574406656
791725285733466112
791916146983186432
791911613523722241
16670922
791909810044231680
791906544535429120
791900437708505088
1133997313
791881061454282756
103254529
2880375648
754201244806352896
791878487615410176
787889510260563969
2941164070
791856499832328192
791851384891142146
3329313172
791847065009659904
747016452142665729
17373442
1036093290
224765570
2359214124
705186345170378752
791786448760561664
791781908149596160
791777750239551488
791776070982926337
562153011
278361827
791768668577341440
1828805346
105589340
791762315733598208
985191362
791760428070240256
791753790047346694
791750553873375232
2789584235
790655852856369152
3407899972
791739235187523584
791737647907635200
791737442550317056
791737060679966720
791734349079179264
3306918273
791730601460105220
108360875
775128460746448897
791725908365303808
44272819
258479689
791719294107279360
791711265932664833
791710761156505601
280476847
791699081164980226
791697166314135552
553241407
791684721596067840
507332945
791683643500625920
791682507846582272
791662602870861824
726378888302067712
791681063919771648
271877202
791668444869586944
791671949407780864
3372763938
294845559
32347705
93072347
3982848198
791654195300593664
791652022894399488
20731951
791648634299375617
791637224827842564
791638316064145408
791636930387668992
63091057
2712002061
791632282176069632
749486534
791620974122831874
3067493325
3910338856
791610737449902080
791611521860243456
791598573817389056
791593338197667840
791593201886986241
2427253615
791590001897246720
1348838053
791586592708329473
20844670
791583601859108868
754800218940604418
791581499816542208
86814864
791576521341370368
760396285
791572568847290368
791572235148464128
1879332487
392760693
791559196869292032
220303257
791557177123151872
3318498215
791551648216866816
791545537988333568
3905837412
887633113
791514777050808320
791511512393416704
942821629
1724978641
777443009294135296
565373004
791415431428964352
791411517967179777
791410238347943936
786532976762826752
633569405
791398709124882433
791398007036112896
415416902
791380372923834368
791379699586990080
72125120
791372626635681793
558617717
791370924528459776
791367946132131841
791368085269864449
791360985428885505
791359459490660352
791359334055837696
791358463012143104
791358225799143424
791356114046750720
73067107
791353626069504000
791351780219166720
791350853118599168
790240176803119115
501121898
1507251157
271617268
791335463676174336
791333722213801984
774487032294961152
791327041312481280
499046991
791323789388836864
791322873696837632
791312649774587904
1018263667
791302606194900993
791293632821297152
419184309
791287798389215232
366307164
791287119771734020
791281127113814016
791284598856622080
528536446
265665585
791278671881437185
763451908732383232
791274127512436736
2404870154
935251921
251079205
3985788195
791261061651566592
2844501306
153056291
2370825546
791251931763269632
791250269979934720
1526273672
19531724
1174762003
791238901927206912
791236198798880768
3417844713
255085231
791230247345786880
577806749
142064270
791226312866295808
206565538
784109784287027200
791215019107225600
791195974433640448
791195861283921920
4869407807
791189492073914368
3400173533
2986114646
787604296657465344
791165780259958784
1160208384
17869366
789065644612419584
787309138829254656
466141423
26573414
36613048
474503595
791058615171973120
125458758
714065912052260865
791045677455384577
791039150103359488
791036208352755714
791035858552033280
1520467819
3358839905
791031811287678980
791031346130984961
796172545
791030615575564288
791022144348127237
791018478769672193
791018732848025600
791014936696725505
791010891479252992
791010375240130561
791009352966602752
3652922182
791004977250664448
791003219388432384
791002752285569025
791000706639691776
790998816195485696
790998721500774401
728167643899822080
231129058
748951335844909056
4648159816
2206682677
227258566
790987969712631808
790987033166680064
790986285364174850
790986764664045568
2949418824
790975040544276480
787790645654122496
790110848039649282
790970166251286528
790963158726967296
3066638040
790955405157490689
790954609510641664
790954903548067840
1011030662
3323364947
130983664
2766304715
790939392802193408
2580768120
823673029
2851488613
177513587
782951478273212416
458195665
790910439148417024
790909731774820352
787394047023382528
20830344
790902853820882949
776198793570246657
2498078491
2925360527
84360403
408378102
790893537101512705
1018536632
790890550534742017
790887483034787841
790884789981159425
373941943
95453921
3369992992
2590356455
790880185746948096
790877695450222593
787972111591759872
790868135427579908
735559273921556480
790863111465074688
790862438233178112
790845833566715904
779973314227896324
102120971
517795448
745546631987159040
790833839664926720
281706963
790538674299629568
790827604723073024
1899640898
790815519389646848
2641692580
790802627915374592
790801705038471168
790798888097701888
790790649905836032
790789114362793984
437747190
778117957645991936
790330171991523328
202579341
790767078244515840
2951188261
4860597746
790686392988921856
275271488
758591104187006976
790676491092844544
790675953047437312
790673949160042496
324611242
790670131072499712
521134004
790663353257656321
710208748376231936
790656491523043328
790657256874532866
740090646711697408
790652824300449792
790648748938526721
790645852901613568
790646094925529088
790644141768278017
790624547032752128
1517581136
790642259268083712
714312871
790640297038454784
790638634240204801
755450945086038016
790630936677343232
790631655656529920
790632140832669697
790548722593763332
790628352147222529
788188406543224832
737337877961560065
790626466308493312
790627821886509060
235160106
790624497577721856
790622874218405888
790621561753571330
254721289
790621240130150400
215057780
790559003663360000
790617805687316480
790615700771602435
790615356951986176
790613897036304384
790610900931776513
790609591474221060
790598606050979840
790608724306067457
790607760949903366
790603863388807168
790602553969041408
1482705558
790597118872395776
790589323288510464
790593717111492609
790590874015166464
790589073048084480
790587747677442048
1968828108
790585510758604800
292229281
791598186
790582141054836736
790576502639325185
790574992664715264
790575331321212928
790297362417782785
790571050467819521
790568843387236352
350958562
790563823740678144
790562735016861696
1174760726
790554423693078528
790554542836445184
790552475262648320
790550904432910336
4081933456
790551210306699264
790546427873230848
790547343795953664
790547232592396288
790545908714856448
790541639999709184
790537064282484736
790530165155692544
790527139728789504
790458184897028096
220113149
790451798364553216
199298499
790521954105233408
790526383084670976
790523762932416512
790522341814046720
790521611459985408
790520078764806145
790516914640547840
790517419232067584
790510192261730304
790504858688323585
790498760258363392
2223257168
637182486
790495241010835456
790494552071278592
790492503396974592
790491954224267264
790489410374623232
790487757294604288
790484009746915328
2283824125
790480074701148160
790478782897455105
790478550776352768
790475983052734464
790476406044168192
237386094
3234996861
2395325323
790468971518722048
339674958
790461876840833024
785775765048528896
790458239322300416
1088645425
774238288458768384
790443931955826688
790443332937867264
94343193
364253822
790442100026445824
3321171144
790437546421579776
790436821067001857
790433889781252100
83209892
790431268429295616
790430911624085505
790418259669577728
790416542164979712
790414517792546816
790413028495921152
789965210899640320
766834841862148096
34191118
790377159995101184
223888484
292071530
790348010324721664
790320427419721728
3037695705
3071761100
790331335705501696
787436081092390912
3698304082
790329509706866688
2810566069
104692964
790326605688279040
790324567474593792
790325560568406018
790324890826145793
790324761305939968
790322327758180356
790315163777925120
2823493275
790314065147166723
790314304188874754
371947760
790313131922821126
790311856510558208
790310960321990656
173587484
790311393279021056
790310291477237761
2364738129
82953040
790293975303413760
790301094157189120
776178480883138561
529484394
790299858791985152
790296595275378688
790295516542300160
790292628046741504
790291100552597504
790288233213071360
790288323717849088
3368903699
790286783296708608
790286265992241160
172886983
790281883108122624
790284413737263108
790238555985604608
790282189296500737
790282569707352064
790280081482649600
790279689147445248
790278971799793668
790279174971854848
256627020
4859772112
790275301175619585
790275792873947136
790274220714491905
790273720250167296
790271083815571456
790270925052805121
790270220942344192
750058592447987713
790268090072363009
790266136759771136
790264933648859141
67372325
790264224262000641
269674987
790259276036046848
790244545229381632
790254993928495104
2441561051
790252140782559232
790240125976469508
821632867
790251938516533248
790248076715892736
790247224034914304
790245679344091136
790245835653128192
790244061567447040
785884931687714817
2713707394
790238704275251200
789956593232318464
790237412698062848
103121228
357465791
790234575201046528
790231569810202624
790230963292897280
790231236845400070
790223546933010432
790228461226979332
790225561893400576
790223147685515264
790219112895115264
790218986797600770
2322884166
790092938919473152
790217624491810816
996640658
261352405
790206204651986945
790206165514850304
790204105167892480
254511677
790201537347907584
790201406418460672
790197367391809536
790199058895863808
790198574554513409
790197008640438273
40908549
790195402498838528
790194427998400512
310863825
790191427791847425
790191854088253445
4298681728
790190032997015552
790189457483894784
790189128969256960
790187997081767937
790187502334337024
790186301442187268
790184720491540480
790177635863257088
790181771300208640
790182320649170950
790180268938321920
790180778026172416
789833473494249472
790181091772657664
790177450735112192
790176513920528385
790176189369487360
14885287
790174447273644032
790173277780111360
790173676800970753
790173056840962048
790169399449776128
790167215282724866
790165444045004800
790165793409470464
790163657590239236
790160812564484096
790152804354654208
790156638426636288
790154944942837761
790154550930014209
402523999
293999410
790149274453544960
790147852504862720
790148425895518208
708821941
790144416476499968
790142686472929280
790142564317945856
790096109834268672
366723406
790141161969160192
790140787476557824
790133573290450945
790132300176654336
790129148773732352
790128043478114304
790127644876664834
790126992255488000
790123329990590464
790125838503124992
309984622
790122473962561541
1373372551
790119754682040321
128507409
790116564133699585
790114141017178112
790113238637830145
220942584
790111178571804672
1019262858
790107886236078080
789835787609202689
400097161
790105276036833280
414256487
790096935608840196
790094268618637312
790094935320043520
790094927896117248
790092183122616320
790089787352944640
759819774301876224
782873285746954240
790082736061026304
790072306706120704
790070803446530048
790067687133155333
790064805411450880
370282932
789943229600899072
790057473902247936
790047668034740225
790041513401131008
790035159714238464
790012284164771840
790011388802506753
68265096
820257840
790002614960283648
789998696016543744
1848227804
789992002674913280
789988237544685568
789983136537018368
789976742077272064
4163482341
789966469761232896
789962936462761984
789961459807686658
789961367671431168
789957528155201536
789957456948584449
789956642746036224
4704018750
789954614888173570
2966682831
789952324701741057
789945094136852480
357195194
789949070639001600
42466722
789948059228704769
789947337867132928
2746018037
789940742764494850
789939694117289984
789939007757119488
789938558727512064
789937599381180416
782957483023360001
789935713680842752
627305670
716838775465373696
789927677767614465
789926891134316546
789926783261048832
789925011721162752
789925150770786304
789923628737593344
789921595934605312
789922580576763904
789921462098558976
952386326
498168840
789920025700425728
3429158176
789917619310698497
789917301097242624
729369924
789914909811310592
789915774873899008
789913846089674752
16234673
789911757754073088
789911089257537536
789908081975132160
789907226001629184
789907007193112580
348022324
4047067877
789873465717391361
298541801
3337510618
789903149582745600
257468563
789900187267399680
789898092233523200
789897813933064194
789896631999139840
158311572
3898359267
789896357817487364
789894816075280384
789891905261826049
789892816017195009
789890598346100736
789890213292208128
789885870157533184
789883303042093056
789882048521596928
789877019005845504
4380141076
789241201010610176
789873761566818304
912142849
789870262640644100
789870251076882432
301376236
789857173065064448
789855285485731840
194806778
60036118
789849769917243392
789847818429136896
789833901938208769
789832954071638016
789569069053796352
789822735019048960
789821049168887808
789820537799380992
443680842
789816131330707458
789813678325559296
789812632270299136
789812024356274176
789812082350882816
789808980042321920
789806454429605888
789804671355453442
789799891711164416
789800010443526144
789799658856022016
789799241044590592
192999669
789796626739191808
789795804504551424
789794572083888130
789794051402899456
286141492
789790699696840704
789789442554863620
789789774844424192
789787768129978368
789783584034983936
789785951971213312
789782390482804737
773427918169108485
789779258398928897
4522834642
772350362468646912
789770266121502720
789765210080940036
789761693505183744
789758374976118786
789754116432093184
789749578337837056
789749818583355392
789747379704594432
777544273088671744
251641370
789737837348487168
789731641396789249
789730652274958336
2939402267
775354613792989186
789714561406566400
789714928529731585
789712721835126784
789713054242070528
789707532751237120
2409990850
563939365
72456375
2541766495
1353154231
2351322645
789621346049388544
789614646537887745
789613042040471556
2966406227
789610588490129409
789606431171436544
789602491625267200
777621713681022976
789599538298363904
789596636792119296
789596346592493568
789591938248876032
789589975306268672
789589575744225280
789583093061550080
789586052176543745
789583048731987968
747527342776528896
788719942099173376
4090588161
789576583862423556
789574900348518404
789572610069766144
789571649125449730
789568018691059712
778325606605946880
789566609388109824
789565239130021889
789563757747986434
789560900042821632
789561209959972864
789552444091031553
789552482846466048
789551423415586816
789548389495103488
789546911707566080
789545883721400320
789541286604840960
789491173425606656
789545160782872576
789544198714318848
789533826477355008
789541890999914500
789535292692791297
789534285548183552
789533454744576000
789532004920549378
789530677331066880
789520932788375552
789527681394216964
789523959414919169
88155335
789520961762656256
789516224900325376
789508193156227072
2254027776
228176516
730432469007224832
789510941717229572
789198047687303168
789506633269477376
789501470253146112
789501669591613440
789500299308310528
789499612683968513
789484557972152320
789483700669079552
789482278367928320
3188698872
746752182
789471781442781184
789470877234655233
789468344982405120
789465685458059264
789457692146462720
787857109367021568
789455028130054144
789452963240607744
2783989747
789448635150893056
789448384813920256
789446402485133312
2999300637
789439327554170880
789435025133568000
1702817648
789429649537376256
4728582206
789428041743302656
789421681420931072
789425259619487744
789424640070410240
789423942188560384
789422013765054465
789418880406056960
789421115135361024
789420405853450241
789418351093223424
789417983420530688
4855026760
789414978084282369
789413207848869889
789403640482045952
255389322
2868074553
789395120005091329
789394754697998337
789390205262270464
789386086741008385
789386084283056128
789383112555757568
789379471304331265
789375633222668288
755047333319045120
789369751646642176
1966764666
789362959256518656
789362488190140416
789361245317201921
4625525626
789344269496639489
789355781615415296
789354893471612932
789347139390435328
292553652
1955725801
789342273549074433
789340436431273984
789341020773355525
134558713
789339379219230720
789338757459808257
789337085715120128
297295232
789326535887089664
3295400277
1136353669
776083978591858688
789317748375556096
596004875
789313952815734786
789313005926449152
752643947684564995
789301120837554176
789297682082922496
2248273031
789269981192216578
770404139474030592
96950800
788840802306912256
754527126443876352
29826561
763068320413315073
789225286671986689
789224152666349568
2732532867
789215275551956993
116498642
789210771322462208
2440145958
15322335
789208370158985217
1262326098
788787030402670592
1477022791
789202186051944449
1220821482
789202544362983424
789197834868318210
789197460501475329
789194745050337281
789192388145065984
789193045786845186
61737692
789191902650179585
246755020
473873737
789187185815597056
786314424428720128
750419193057644545
789182100784095232
573427319
789178974513405952
499749545
789174320564011013
789174251647447041
789173221891334145
789172968995758085
789169338842423298
541475724
1487090702
789168141049835520
789164818724827138
782122598620655616
782617516266762240
789157801369231360
3483535576
789153083263741952
789152345703735296
789150080511205377
789146596076314624
789050014513397760
789142419610697728
789142708594106368
789141722123165696
789139913690247168
789139164470054912
789138458354786304
789135774637780992
972196603
169014110
789130083487342592
2161606274
3343833987
789124733262520320
779266269539397632
789115833473724416
789112408182849536
789106110540099585
789104721629962244
2548090812
755046325889208320
789095869404635136
90367682
789085186218684416
789089086984314880
789080265536770048
788298191858958340
232197905
789081374175137792
357617542
789078745554554884
789077002431016960
788758763356430337
789066064470675456
789066718840819713
789059431665369090
772125775759835137
789059683495645185
589079046
3371222751
789057560145952768
788824496392339456
789054177938898944
789050528374329344
789050067667877896
765873795152437249
789046430363217920
789040567179149312
788977909407121408
789031671882448896
3312297513
789028565950066688
789026429224751104
789023982209142784
789025951766220800
788372626397925377
789010615650099204
789006337640374272
789000757479608320
246879172
788997436933017600
788993232600457216
788988560561037312
774523070610608129
2719136681
788976374673473536
788962592769372161
3242091940
14728486
697624678031081472
782703680642514944
788925539637747713
4783640487
788901366169214976
788906022559703041
788893072021127169
788169798794481664
788876546903769088
788872897221844992
788871651706466305
2914448213
788868808010264576
1337856500
486814813
788856391238840326
788855307850092544
1278888132
1898220253
788850255420874752
788848951160147969
788846425111134209
788844324469481472
788843700533198849
788842094915878912
788841214967709696
788840525038252032
185979826
787597579559268352
788838744220655616
765644754
788833465735188480
788832564446392320
788830978441670661
788829315278462976
788828905750798337
788826355559432192
788824867437178881
3558449253
788823905989431296
787929605684461568
788821644483633152
788820959054749696
788820873683886080
788816055615520768
2896132474
788812309934243841
788806457605185536
1637402695
460503913
788805474783297537
788803418026565632
275166013
788803340578725889
2672289448
3133182749
114217655
788800502016380929
788799270090604544
788798408475770880
788796990217973760
1872196646
310544855
788790921840189440
628626191
788789817937162240
788789442215567361
3431894308
2953702838
788783742349369344
788781603526942724
788781698846720000
912155636
747405271350153216
71488044
788776642495844352
788774505418194945
784544878323757057
788772492521435136
245571259
3147253596
788764100620906500
788760254020513792
788759210796445696
1468921999
788757893642321920
788756721846063104
788755749308694528
741666178179969024
788751649116418048
787334793809817604
788748871732195329
713450972090142721
3304009097
788734496296341504
788730687016857600
788731610782961669
788728889069699072
788728833881112576
550872612
3122094484
593589160
3280503366
788713389925265408
788706688497057792
788705844561051648
788697639231614976
788697436017549312
788695752465866753
469215837
774735281119334400
360232173
273211250
788684097862369280
818984274
3240017181
788457554305134593
788673712094609408
788670343187664896
788661674060513280
147564067
788658686654840832
788656114703491072
4459110857
788646740190699520
541516573
2711698194
194285039
788638631569321984
788636854107111425
788635859692220416
788634484795183108
788634462494027776
86538941
1893127550
788629803796692992
788620109178953729
1390060898
788612219101650944
788601926661398528
231345095
788580400092315648
784360288837443585
1413151345
788558871572938752
788554901718728704
2764318435
788518109107871744
788510828819546112
788511660822650880
788509658474549252
788500417378414593
788501053973168136
787675705274462208
1032519433
788494667709120513
788493972293419008
788493248167895040
774237009275527168
788488802654388224
788488020601237504
788487299034144768
788485552223944705
788486149991956480
788485023699787777
788483924544618496
788484092484542464
788482253710065665
788482028773703680
164795087
788480136593145856
788476341591113729
788475210479570944
788472040906952704
788466082218737664
2976730095
771038402372403201
741111780802502656
788460447045447680
788457898477256705
788454019568168960
784269815091298304
788451600880832513
2711969765
3011970736
788436320175742976
788443866554826752
788440492228898816
788442904679284736
788438838628773888
788439891873042432
788438556259807232
788439081101459456
788434760364351488
715659992548945923
198983996
3111300226
788433111881224192
788432046473539584
788431067166408705
788431141720260608
788424932392890369
788423721325395969
2786995619
788417355122634756
24501457
788410876730732544
1025016594
788401777804734465
788400611121307649
788401015489961984
305005228
788399319514771456
788399352012271616
788397788627369984
2467542518
788395916814327808
788393706843959301
788393455449935872
788392798068310016
2762224643
4826065823
1382100494
176753151
788378611032133632
247280353
788375609558831105
788372207403692033
788370636079034368
788363911158435840
788364428651687936
788361140552265728
788360786230018048
788359267665543168
788358074520207360
788357213442146304
712679635448934400
788349204817186816
788345221327314944
788345147910131712
788341750645592065
781949482615336960
788336571774894080
788336324583497728
788335699409903616
788335190510804992
115982844
788333697502154752
788332202576777216
788332023031144449
788327938047537152
167425934
788320974043222016
788319232308219905
788317559363932160
3123113187
788314578740477952
788314324154589184
65374437
788310266845028352
788309213298720768
788306682027864064
234302723
787947735408340992
72341341
788292601543811072
2175719527
788290823460904960
788289809185927168
788288704670470144
257421872
788282261829550080
788273776211394560
710430385398812673
788272135592677376
788271151554396160
788268562905432064
788263138319818753
779953282366177280
788258737299619840
788259678652362752
2731457206
788241429395017729
788240726706511872
777576645133799424
387562626
784819574801829888
274507225
32160698
788203401540763648
788201582148083713
23409102
788187589241106432
788186322527805440
788183169061322752
788182667892252673
788179799881777152
788175023211151362
788158570063953920
788157907342860292
66727768
2932285537
758399829848588290
788152204188327936
788145704900386818
55994434
700549919749206016
788137181240066048
788132960700600320
535249254
788126540328476677
2762329544
2471990896
788124231779356672
788123548552404992
788122927778631681
104207656
198325619
1268176093
572934965
787551303455088640
785241398891118592
2345038982
4817839888
788115367684083712
788113790705528832
788114055475130368
772855561532665857
1415897132
788111954401435648
788111470739488773
2949958475
788108498475347968
787742621380841472
788107374104043520
788102445423558656
788101803275681792
764788171989286912
4406847927
788095033060843520
788094309635657728
788093470900645889
788093066947207168
788093033002704896
788092009575751684
788087426589786112
788089545556361216
788089110779011072
788086867992477697
788088142972723200
788085130074226688
788083960920276992
788083734029402112
295930384
2522819852
788078209803948032
395479647
788071395636936704
15624553
788068900697235456
788062207389171718
788060474868953092
788057863801503744
788057998493114368
788055829576556544
788054977616945152
788053792231153664
788053608461893632
3412422262
449607380
788050031123333120
788046724640145409
1249924176
788046040163348481
