372331027
184176183
768428167266721793
768782594850914304
1478186814
3408582281
2284932091
2886840028
425393235
2273323995
2332376737
755145483555835904
506578390
768534989621297152
4845260746
718141482
76859501
3726231855
2518483626
533305546
765138581782495232
2370372744
51007606
71667408
177942538
425682484
3545828241
2190118560
705608628
520674623
78038374
2749513963
1660183014
69710870
610145582
4859225243
4613261446
1359007171
721775116749811712
256763820
305577240
733492883098079232
1448369642
310893374
701997874482053120
312763413
253715191
2981363986
759283872936955905
768723767891791872
66462785
4728055948
972681554
300705122
1190167837
768690500618551296
1639001718
2985799635
811553742
170080050
329914600
768701124132081664
768690087521558529
411312115
196600334
104974621
212558158
294249881
768673529575473152
768669317189763073
29659642
754797418173128710
458769851
480232089
2220424556
3875508209
274085626
2474605615
86938853
3569401523
112533740
768494632787255296
152097001
4631707155
729772595059527680
36954505
184776110
322503166
1061213696
4068916041
71208700
2613924914
746993703999389696
1484328662
483805827
768557126880985088
2382721843
761305212997042176
768523237861056513
345641281
239380827
767741654128291840
768544113213992960
4010942848
723191875230924800
768307980706074625
286220722
191186874
3389412737
768521789878202368
1476886483
573951116
196199852
93716014
160575461
2462083287
768533381944606720
3299103278
271801416
457879824
758216051549233152
3438393029
92504403
3296569636
944604020
768523752074280960
206204003
768522663195209729
65751515
30244836
478705328
767115100339703808
73394399
745512381292257280
390079012
2659798443
4820587025
3951955581
106114897
768030861145018368
2654429316
73863773
172854735
466798321
973909752
1580786791
3107951290
105826773
1566251300
760203964730277888
952151611
59752802
768393133491097600
768495739710222340
173256020
768491257408675840
218439721
258383846
425234999
54310501
2186358647
731165617353457664
717022591496626177
768474049051783171
627692091
4721306594
765228165778305024
62283674
768466218797899776
335205584
83440390
763518771218776064
768449656489545728
4550233516
440792014
227668681
1692168037
628199576
732222139902918656
445687471
353616976
506684831
768450511599271936
2522399455
337226885
529859418
91896941
192565297
345606136
768369521644171266
768445459941785600
334088260
202859835
231599317
96795518
3424046511
177150592
761260451611209730
4824223168
94534407
2472793692
766288036325908484
336543324
4915740559
764907711179976704
3360656423
342754013
938936832
463297948
1879494266
789224989
595384611
1386707790
929565108
740913420455792640
1071159102
1869157776
212485584
84794306
1682609569
3310861780
1920643207
726331505673281536
739777410980282369
2246321845
231997284
36120873
182339355
2738716353
105999063
999126690
84118160
359384373
2992526779
80400346
2607126647
124260861
3312815144
216437035
1568883972
85035347
786628394
1880681594
574433300
257455335
758770884043763713
460089828
768370771962040320
3003578278
629215970
2368632034
32847728
2744645090
2903532394
3023918782
219770193
768359421810466817
768357796345745409
351852243
332442988
715458776581668864
760750380762402816
2252535229
737139311775219713
288358202
766005009834242048
420170683
2886874639
4908096545
101187328
1615887398
329647800
4185588298
66956618
85715142
768293236221677568
765181572966445056
483294251
4534474227
435785144
273366163
1871986958
635446812
42709431
1511685366
208964736
709044955
4842100570
705040535929626625
247598921
758998935440457730
768193609938132992
2546162718
3137529046
2322432264
36094374
3921602242
768215207550353408
2230109223
2357481472
106771977
304397033
276687880
75105908
355145943
3233515078
371262087
2273569308
171472332
768170439680163840
2746170900
765634139701862401
749269041748074496
768164808269103105
768163617971789824
282040222
931162460
88777048
767997281920544768
16740739
359913437
617065544
708651064015392768
238147260
2158951217
836809020
80430227
755145368040529920
2279005040
4813153204
755801936457334784
1458157519
496186479
237483386
224304909
381444342
81408740
162418295
1316538996
412518855
3546909255
2696109631
59320114
768072849567453184
749488236
441945804
326175017
2192958254
2452988662
768057878020255744
182957619
3291289161
768053444200529920
332752977
29041660
1208935608
756874568644620288
733553159172317184
713257758242574340
4158991641
768017111562289153
429701761
768014306164236288
619275262
2591969688
486078810
767983356810321920
956597520
2862091235
42779704
767960072345509888
767130056896503812
563568750
1091360342
761359745068441605
470268558
1610588119
35551108
282045954
3281513258
2745738033
3947128163
97704116
754801577739812864
3369923236
767830525629399041
125729274
58168503
1475514708
705020491
767809983736086528
3319599587
3291688917
761241674974658560
2719139655
767802035383234561
767799066671648769
767789217455878144
2158522454
618280974
727622052224499712
122049964
73860910
1566505776
765615907712401408
767765040309075968
152419142
767756218446278661
3403765582
430856109
767756654498775040
767751125302910980
1594042381
767740487591718916
40393724
767740709361291265
34899970
3092778863
80010947
574843922
290139031
906740214
577233397
1702860764
627392058
181854612
71867037
4724873721
3439567635
4829156483
4805517749
2451864937
710958205485096960
217747595
27049543
99173661
128812330
767659989477490691
2603079353
2263581133
601091343
767644701679902721
2644645755
1364379397
88829256
3243039999
362759482
767631410513448960
2214460239
709416050480140288
4877639129
327649487
764454245944926208
1215731558
767595517157269504
4004250021
4624595847
782786617
464176949
3266668014
761949694352171008
759004567279312896
401630036
190667580
767507439537254401
120408363
440309246
3926380937
356474121
1735665589
767473521287131136
760617958720806912
3379366162
767427238514003968
124081556
117522932
767461778930499584
803836320
766292248271155200
767403224735346689
333668946
767456829798514688
167853326
2843902215
83096827
2800210636
146797351
2575674347
762385563580297221
798014658
767438208615477248
68143745
66527865
610996302
292916122
382872635
755533544693334020
2148953071
42934417
767398364996571137
757679750311714816
3749034675
1715058780
552965441
764874622311469057
135436601
767379512984236032
767376084329529345
3308637845
767373244445917184
2316926641
766717208395452417
228552505
3064931879
767085188509761536
750059292577898496
2285746241
171073388
1534935222
713648120526151680
333019240
934685161
767328365053435904
1021682593
3457940674
1189573334
1346769090
2398528897
64805754
2300816066
827609695
2200818285
767331542708420608
2872462259
985132590
137728708
767322804605911040
342363578
483205686
622424604
144534451
765540193923465217
1014155305
4266202707
3499462696
344080135
734050165103988736
2842101904
767295536412106752
396167450
1123152464
767281180341334016
730546065796116480
760498532377890816
759494751666266112
306420345
104189735
728310664230473728
2942848324
2897764469
767264347873767424
755705406224293888
767261992944107521
16070813
517834224
309010391
1628838986
754053751544119296
767250179019907072
761293544153812992
2255624118
33622699
725761204489191424
2780344130
484569853
325446761
3889792169
2396861839
54997985
239166999
2916703900
767129988646731776
767122643233411072
767124770882252800
598464447
202695388
863435178
2724262273
611112499
471353493
217881853
4795380025
70691270
742152982083559424
2218011900
72143252
382307082
1160262607
4832404406
361437674
767103579605852161
108919080
760420921085665280
82816693
376852626
556761875
585849377
1693326624
1686020359
243234882
3364298818
764844989033615360
1071522102
86727573
520277124
2555055823
77440798
2544329924
90226342
2154797941
763495772994277376
756884421559615489
183514804
767057694679244800
1689055272
732160349798051841
701773235180978176
315316956
764891467613601792
764769737976979456
762398604296331264
712755435799977985
747911110423093249
61879905
2333348966
755908692550221827
706701982
766991353440010240
741514773477662720
4448538856
3082619442
759513821014818817
869909868
766976395016859648
766972624224354304
766966710628999168
264979809
189838829
2331999906
210843976
610826938
766952462163013637
766876395112759296
766777367251578880
1353048901
766944177665945600
353358256
230724488
715881681
108715840
1943613883
2818911471
267408920
2291793571
726141038071451649
1949449117
704574086555549696
69217893
75087046
746828775036428288
3518470579
754648194550816768
2864508166
190496772
765292729974808577
602253053
766772067752706048
98610230
45983581
766756725202493440
1011028051
3496887133
1357581578
766744829929852928
297419480
766739567844229120
1021885682
2768549729
158468874
766722970685415424
175035743
121013744
623191275
3615498312
2574336125
739081364004294656
1083267481
2908379993
475074745
752879980821053440
757690616897687552
3140246360
759449894377709569
766685394624708608
766645330523852800
223852823
631831830
348345925
553931857
65709854
766650681067507713
738944591668219904
3371242636
766643891575595009
766643148579831808
204494112
2494537240
766628719528124417
766577880507772928
95911637
3141449672
728175305723138049
2464776553
352658424
1360273434
236083086
2419374805
766304512181170176
3223905304
606268481
184634380
787379540
333549280
1608617352
738384340111892481
766568693014925314
2790272631
1257771558
764055471758069761
918901440
133760563
2914560571
738358998513164290
49110773
766331712422940672
473193778
766235990369374209
1396417266
766551616644259840
326096706
742323800482676736
3999346929
250572160
755774208718888960
702856314800709633
1153774056
766524032912986112
1373238780
3356868148
553431499
764573713769623552
4364839899
141217545
765833417292410881
474835449
627443061
17786143
748935671369334785
2946415018
2245090735
40851195
755346025276203009
766467243303702529
406993202
349248066
2244368232
766443547641995264
2482086014
1023104586
48245942
766402820123848705
58420448
4264437803
707719955
75473020
164122787
760642841743810560
1071622802
2410343253
3410302180
23415295
361473452
4849276643
3791809515
3634620557
337985842
759702244837031937
766379499437060096
201041060
723095151585972224
766352111525298176
615505898
704866336019607555
734337073415618560
2264656103
2324278662
2969789026
709156568554708992
753205329958232064
2305531051
284972388
750272515323359236
766343859907522561
2204047964
766341118799802369
1482393919
268973853
4658375296
4003247609
273938213
3148056125
1161206648
103899056
246948963
3109895027
65881963
319573203
766322908406898688
764704443241725952
2301975546
2731611823
17566805
762224652852850688
764877641497346049
766282185456422913
3570864675
755399662367019009
295512026
953906388
295265918
3296233920
433202081
2415633711
961183290
765923605385478145
174722372
2250579819
761082762245738496
115567534
2668454342
319286690
2383858014
3629697377
357439621
759735536105902082
251580818
32358245
765955325732253696
2363812057
291182663
1134772207
766207550786244608
471382454
25269971
226915422
726092963030417412
2310809159
536297762
238799654
2340194176
765662388683149312
766198944053559297
239476297
2495422828
761184414806269952
360886532
552670583
20993632
160134222
764150558274023424
193317252
700478801126371328
1395275083
254453590
2230562179
187697743
83798190
458562829
68349969
979113270
766168917488308224
257522388
256556632
255523460
573956856
145943456
3224436169
83306050
3331676213
55241876
315518009
244692272
269282385
460531298
766029589105762305
322238285
1430784378
489905187
4872546011
744546804558094336
306138530
737968053384810497
706952838
1329999559
763736417260466176
1246785936
282548379
444027290
59469631
2201051575
180315949
90058419
3152543871
2327533698
301650570
765997884487655424
1546632812
2726741657
765989565895180288
710708137515479042
765289367137124352
211492792
96764673
765971900367503360
756964768716587008
765962780742737921
765959076765368321
765276076994101248
2407723103
2161616538
754119667430588417
262297267
85126714
729396284096909313
3481776977
703168845213622272
176326645
2460792558
723793711746977792
396307561
255113261
716325514298933248
49481499
2194397022
425653957
765907928360620032
216190773
765276209546719232
753966169242030082
115985079
815073318
111426794
765462564880936960
1010721764
362071899
172290968
765883003851706372
765826198345699328
765875629275439104
306107346
334714852
441651829
1551345140
2171955673
2717727999
755898094764437504
604883587
2168483161
359591964
761159310638452736
765446802040578048
342365334
159404007
210613639
1887916412
99823104
760396812469604352
765825264383295488
765815715689558016
251002896
2298174577
1513828290
299812842
762975238002966528
2288237199
881135665
153088824
3418918157
26667587
40338242
254826288
2793222073
630513867
461232573
221474252
1897491926
128843776
3065428461
710409766925955072
1481572790
759395374868160512
153095049
2354543122
716344008046460928
465868216
1030267424
2375566885
210234130
1408156777
706099041122312192
330825903
263629900
765555740526383104
521288483
29550295
2198463690
74712787
750411243274571776
740252063007936516
2201499302
3681543914
118871927
782753995
109517066
287329488
1304608927
765619466751381504
765574727100432384
322074571
960243074
99258657
4877030554
1442262775
137132183
4876081241
765158525811163136
263683149
4664513837
396941195
3401899431
97742020
1281879223
1176335252
104921344
2649645481
1360268288
7435452
765533105822236672
281019026
1728499795
753659482018811905
1336191744
765261038963068928
14116894
765507955945005056
240660438
246419600
186722889
764185354224173056
518409598
592069077
3074381668
1688244056
2257775340
18824003
765451028917587968
2337998977
182480945
723784841301364737
2426950976
10505632
599326676
4180788099
137998696
2721481071
765422242297700352
3757148787
2924620969
765401933947498496
16478535
1432192374
22922130
241695984
747560925834649600
2827335706
569274148
14845333
3058365941
864892140
152723755
2595925737
765309081359876099
3245387086
2569590074
197927788
631164135
321875321
2169974691
760257706213113860
310708502
3326858463
765289369754271744
3910273709
301600591
3375003616
754944992507006976
765281871982977026
132685148
102956489
3335185942
903913190
1213943844
92009324
765276555283161089
17416674
4834388589
317039774
765266551616507905
233262317
1128472057
765265099720421376
773429179
765262528716873728
1109992652
2282421362
387633646
112642629
2782173966
784602049
93302760
163426269
1551613183
97508550
765249146999758848
2711565886
325462683
765223622529155072
1894821456
765231373196099585
3298822466
765224250173169665
2553137620
2313376448
700973207
3002858723
709309033870729216
357009927
3302647414
2230246302
258891235
755775682848886784
4487628563
789012403
1921036128
435881228
28990048
259404430
276055460
358681405
765176245801914368
765163925503696896
757464037529686016
4162486769
425226597
984136154
754104636466946048
1079737058
368331084
3370397007
757668519664386048
522523126
1428838237
737399993930244096
82846801
757698136324341760
4828620532
362337396
755060914538381312
2275227637
4318331955
2331944172
122404825
449726770
1562677466
765083794550484992
234719662
763648079341977600
2441942517
350376685
989287524
764929092684771328
1506176953
3011981904
741368625827700737
225000140
715548321876733952
765009805312417792
3572599337
2269080787
2814059109
226890961
349044871
3376727873
3376198036
253129290
97720656
1250272950
50472621
2563280159
2848965065
737645299527782400
2637124306
733052076163534849
3121425853
186744951
748281300155535361
52412799
701855810054438914
143661601
762022073644544001
183979870
2325789100
3123717837
348012141
97682006
73600931
740725974896115713
738414745
753955727589437444
754440349993480192
2307350488
167747363
264258417
292375019
2264568727
2396843739
630357301
4827524583
3159241167
3243008805
282734762
1228052737
92110026
501617258
1480073328
203230787
764896660619231232
764900393377759232
358388530
724637995
3332332126
764005490741219328
410913007
760489346059399168
392784281
269576451
734996037358718976
764888606787928064
763045133889703936
893631752
764884117947285504
764883857325846528
511449435
2941805386
182594732
745923705012891653
763491143933890560
3299673611
35696376
739362831083184129
332131984
480854914
486161433
83161756
2842830479
712998150374572032
764849142397100032
805559593
47389431
764840440717774848
944226733
93847097
2303779761
746667834198073344
725058732170813441
1938244658
15735970
705916751310147584
519425890
764600953333055488
764819280961605632
764815713517330432
81134780
482110798
524377749
357747876
436572182
764808099047870464
2361721020
756775218161614848
4419834562
753416055507316740
2992936225
853770960
2421004988
440352047
170737259
764789878043410432
710782442119024640
764781879786700800
6495422
706188789492928514
399374359
745500120884469760
3289732726
297263480
3413176193
3783335903
2678930046
2382231428
764601699621302273
25927504
740451348525780992
567283507
760151786611171328
722051821204807681
1577641404
3716721268
488486737
380541723
2946771274
249099085
616352684
158437713
762047393038753792
107080459
2732702114
12636502
195181970
49047621
535962495
764726207422365696
187998007
296901246
4910284931
764713741481021440
763936376
764697989030043648
147704322
1730154133
215802410
764701339410690048
747056917776834560
108592253
61060790
353468588
190312560
1485577668
764637442687299584
1598405190
764629541482590208
764625764419502080
764583370949001216
182791815
474865888
754327504396120064
3245458652
238185915
2891130777
1517468148
764599791632453632
3115927620
764560735133429761
752039852
1273136959
728703462691766273
2864051885
764593797800091648
968015840
172761048
363322252
763515843451891712
27486761
246073972
764579033610870785
871371343
2199356888
50572647
4267496416
367688634
3046565771
754277504760905728
754044344198434816
763437006605123584
764568209034977280
3241926886
703009153
494021820
172733904
315460664
764551537062473729
419795863
4636424063
77745187
2317107314
188047865
317385072
333660641
1039004629
1512748512
764486349751717888
178661776
2970136786
1235506844
2164175872
400844006
976314672
1066809134
425444114
130901429
2351215685
37392484
1618640678
764526298735767552
764530021109211136
363141654
4754071846
4922551933
14749971
764528259614793732
1063731469
756640899203870721
764525819016404992
381459911
474735175
2262160492
180236158
2662020769
1551095899
754271717334351872
353037502
2246564741
3285907795
21938693
940580942
528337655
306640001
533440845
297614552
2425831910
764498521823256577
572833670
110514363
382746610
64234543
313585110
107665723
323408584
764460201152045056
494317290
543475713
764486850744553472
2836037175
735956819181346816
195715151
492293575
3958118897
422052343
763701424941326337
764473119927111680
1722746983
2404561158
122699303
293987605
735594032047525890
19167050
481412860
97699036
3350370945
3310463422
1484718072
956238180
67552951
65120853
717478696609783810
2256841575
3389082219
95225862
53799851
368984653
193333631
2729087263
2431885981
28409080
529464675
1394623256
789069860
106097093
2527685947
3419531339
391384667
51731102
739474589361700865
2349183105
281732732
2822717913
147338245
3398698115
351877370
3255843875
3013767796
74170905
743894616685027333
764430824880103424
764414214609960960
882311623
497765614
272087201
1520059501
506478726
764384831321014273
101458442
716028835
1430461104
432957150
104615674
2901070155
939057318
369776443
478509869
455112714
137352702
764403890192277508
263046291
760449474951012352
2801889747
193869889
36043463
1971742303
761265363610898432
764059122551652352
52834025
764393442571157505
1321031401
399448370
735099875747106816
110436753
730163360071831553
363099498
21188180
750125564531503104
1525713589
1475812393
342058938
2876382233
3182823266
467599497
3006415401
764377882651140096
743913607507886081
764144014941679617
764375419386757120
470804536
42196384
86550230
201691315
1371703082
238207998
764362683927977984
740083568722989056
749774026667614208
3216236853
2334894206
1316241066
91838226
76176746
2896513241
1222576086
1478961954
4872212321
743262762097311745
752577550388428801
764270085221605376
256503187
215580580
79698889
873282722
1006973911
3131191276
3989118940
108073746
185197030
2332858380
431852683
16219502
756431774465593344
1521673110
260858047
278889979
1085475476
758734234693414914
425038331
3714558616
1333358696
764111678602608640
125782493
2718851707
267630362
3285886154
67436173
252429415
271866517
2647152600
2591706792
180392700
3330269765
146076823
2241858249
46568099
534584757
763894664286068736
40971825
1684296355
252778122
179985645
514281436
925828892
2868073992
2246650743
179846236
219659990
344006102
2966687637
844004906
1339550364
2396899752
121224018
78803741
762988598396325889
319045422
764221797944397824
2419583864
1476533300
524254497
385532377
357146682
88955642
2207014892
417416990
159407006
2791561219
252692607
2804041704
2437025403
2641791712
215173519
3775434863
2264807186
244970351
362561347
3327803264
750092621213757440
764195087425363969
47407311
2169481247
279186605
751103898480414722
3214560059
134736635
1399094497
2783816551
3063634445
516921959
31010842
790106286
944151492
1065383532
263274014
3806423235
1585650265
4341451581
4028233409
715877899635712000
756581844569686017
1474528784
405484067
762665487805378560
222183422
435134521
3181028245
2361119047
24900869
459088950
2384056747
992518290
413126606
73618909
848780173
764169793209528321
332903612
759804646575644673
147940432
2344575971
764181677098799104
195804805
1017073590
4337256628
27006843
2887816840
843589633
859647205
4902611500
2191300293
69542325
564776873
2813138251
89675424
1250967180
2270375722
543031623
2207848559
2685074533
758212340982644740
72230557
754087449194881024
1320071282
80317201
207629389
220983136
111392742
189914053
2708626824
723441455218319362
380133953
3350209263
483364886
2318902656
3346531847
551450510
4855023460
16238299
127207069
243585136
709790614007767040
3213939662
361488298
1672374336
2393009227
212877115
3340610489
977710998
4059136816
246362235
263331545
2913387850
290581216
2997472551
526351991
371978952
921873602
230787392
3055546079
717951972947660800
363013234
865224338
2607480270
505996731
764048511247740928
4702118558
2507252635
223509951
147126755
854842254
764154298259410945
259968411
729284399737491456
592824672
762251047503093760
16821785
722792600965492736
2393176255
2243880327
250092143
510780074
1339194696
538371359
1427685499
1715656939
89682453
764120967148863488
459439937
3222813201
534196823
129194178
756805932240297984
72876339
302093543
732941754794713089
2910798400
2863912213
1020666324
537462699
759541399213793284
111645337
21396309
4643408129
2238000934
876102516
18085188
707623306225164289
202521400
764081798297059328
991517040
2841017277
220463318
2474680132
99342296
1015414074
753745442
91218852
131454905
3352033691
2891393823
1532089830
73613321
305774113
759006251913125888
2773530988
2894847309
764011001561747456
86046576
2640618115
2212969123
761531466174066689
455067065
1606747320
718398481363300352
710235476595249153
758638749500792832
2175246654
764003535834877952
568596949
2788395566
763987259393662976
2181954677
2252315494
181523152
283546327
763320708088881152
763966782545637376
272356701
2537388447
1577523594
618222016
763920091897483265
248469884
3111746836
763912773612994560
728909263045799937
4237433795
763898072388755456
382964013
177136931
760253468250632193
3399899327
763876337538957312
763153814203600897
4757398277
1496156778
400152826
763869518603091968
752119461361119232
736305581754097664
352936274
763863944062767105
501219458
2275924088
874242612
1369483574
1946253991
2202033388
395423614
755505096461524993
620337620
75182420
763846247836975106
763846156300521472
1497813979
2176219524
763830512913883136
173891310
1228377080
910967028
284585369
4003788989
763810666822135810
3221770143
763499704676147200
512909491
1523023062
2192145553
2467767036
457909668
2197507687
397114050
2317341301
944266382
359621382
1523376914
1022371596
2398470333
1101495678
762526570393120768
1013150606
763765256569163777
708044024033230848
411080407
393481765
544564111
433353992
245954795
256539993
167892557
2379064757
2881002634
249871759
2401757995
750992348914540544
2896483229
1568101436
762942986779066368
481223579
3002283705
2361802472
3040439309
340349023
3226676668
16850401
763723024763908096
3409007801
147200411
2335862619
548347709
19862419
3531126022
140072616
2798000525
182294110
4428408166
763356988122210304
4402956435
3364530095
3160397590
2765720567
763665412651421697
4250574424
2729118009
780034844
754239157258584064
175067401
17716820
3290543596
2295741842
762963622150737920
711564348242538497
342693002
41564493
290116199
763622984263360512
755515652471947269
111963208
1011177036
763634979800805376
539182483
142464638
757645712108691457
295141435
2930506634
101497125
1566804066
259180347
369721169
763583721031266304
312589514
242935258
3295878304
2178736773
717087900043780096
159440109
518264718
38396292
723295918016094208
2539395109
529443184
755442424516845568
322876612
2592204697
763414257795039232
763501919373496320
2372086573
248378560
763418560060329985
377948665
104816530
3395795289
756949005410631680
2308931097
1698989136
763483797035839492
2310180588
745731247192875008
763479958429822977
226880888
754097372477681664
1685962423
2529226372
754067778601119744
67050119
466139554
744749617489797120
763461273044545540
286802339
763452937674915840
1524313796
763445805894266880
2601146536
763442154039631876
36079451
763441907401973760
763440242112200704
2932751335
2214481093
53039161
836282010
2898874605
141956886
750227901069549568
415715441
1026244706
4867017071
763358927144747008
3100404611
1949669778
153122356
355769070
49277574
763390888752087040
763385163237720065
763382478102990849
227451146
255603512
3221650001
794468072
16141709
734339717970468864
400155907
36398378
31481345
763027991261802497
763340556995006464
2172281354
2263031142
2605987761
4149882320
763325251535118336
1187952260
543505054
2519594835
763321142820147200
1015999572
166904236
4715170397
1553908532
762645488617357312
4901041360
282695078
763296975416594432
1459374552
761792311776776193
351133898
1610320056
2719087607
117178458
85786629
1727858664
1544787109
756481627581190144
1571110662
109118187
755081012477124608
1241594659
3242289947
2423417117
729730124422238208
605273333
257094869
18307408
1072998284
1077107071
754701373548134400
806989958
103446243
495179413
758124142185054208
1579989156
816140178
763147034404806656
728623111172702209
3297652311
504749290
637073292
2902627263
266139382
3002326845
713393047774629889
739751282697732096
763123680247484416
763127148148355077
440001736
2984470697
2638262164
142056668
614443946
1464098635
4532809937
735486410
331909751
335195496
205917576
73286873
3362758613
472788391
2271937976
458412189
231809606
2956662673
753313446989529092
58817871
356801487
1858427186
1570622708
546649819
16335517
4763103435
1842591518
39918107
759379695028887552
200065413
2798927423
170269557
732216828076957696
756025676277358592
763077536662290433
762307846239379456
227078086
221312142
217393841
1029187908
763065758595309568
2739869583
331248566
1522788565
760758573609709572
259341209
2261432297
1589634570
107045087
221887154
1241571715
3252835377
763051185502842880
241317778
763048614117736449
763047127970963456
2447921566
205710134
23116102
1480569722
3110367916
1596696187
756587848929796097
263524565
609089663
2645714755
367362611
95879516
185195322
209755915
285885154
265676766
763027630849462272
328498624
3358726733
206887184
2259260592
717402382791999489
2383271582
762008579054460928
402628478
546037370
244160303
139830490
755065733223161856
352993516
3396486670
3268138735
2758205312
139503797
762998198239633408
1646256164
146920214
402869578
2802337231
442772165
312197526
2174092368
310517981
50654026
726452318627995648
733272692988743680
758599167883218944
302686382
2976183686
4171509016
58315877
830939209
4859782203
1510722908
389978494
4165973787
728982207042301953
95935173
575347479
247040400
760004806719238144
2789220182
393613987
350497962
755753741911990272
372897406
3512282715
26734716
567657097
4243346907
2936545433
702908584
762965792480780288
326631858
4482297988
382082462
745526393128132608
754993605471854593
521701338
762958363386900480
762947925488111616
762743814834511872
247027480
332947049
257708735
425957288
2256130949
113065728
3720445240
496846359
762953772729561089
751105084168278017
762328503798947841
621656018
281127579
89675708
3037269994
306463880
436657006
1862197057
4855347130
1183479234
762922632295612416
2227050056
596284805
760924478239105024
315907834
212516799
245064364
250297064
1320473311
1329118741
3130852523
939349368
2934132843
1267920698
56400091
2515913486
1463267586
482740350
125917528
15787718
93162470
108125471
2689875013
599146281
2827099604
76094343
1550733440
715112023584059392
176197294
367072354
461435896
2863097304
960563965
702932424
268764031
4857778047
739492342047113216
294368985
104976758
747926966951645184
747555401089060865
1701408990
391279718
3006381322
856629842
252507757
302881711
4663710741
2939423919
3999496041
768021553
758264187630022657
3331502709
31155147
745182924
255393566
383290749
125221111
274452164
726134636120817666
3290657370
1875576062
762720400543547393
455151818
741495740
337166083
762714339673513984
348146443
724360141907329024
745899144527622145
759811079216111618
387768646
762662043006763009
1322574884
4898965456
762693832714649601
761295942918217728
466240280
3633883217
1670420490
4694108898
109951538
1496554232
753620237820522496
86310739
248639919
73487474
292933379
162355396
758690646567841792
528591665
762667368527036416
156691878
810755167
2176935340
1088882088
572440393
1531311584
754074323401445380
1126619724
2256040719
1202763667
1342415876
549113327
315734107
382846348
214212020
762634766621483008
156202328
304628228
1890507026
326006957
762627334637756416
75827451
4149232696
69734807
4252007776
2273072616
1445872356
2430398172
67673682
462191143
762402017105043456
196560355
383757491
427573632
1214006588
2815674132
2445480785
611636565
3202585991
1057082563
712894624470315008
103079516
754076154512965632
4027282589
3403427729
4122336215
1971097316
584707301
762579221403340800
2201996058
2507929515
854450192
306340054
2380668164
202810620
757836448695357440
191814689
748919832360476672
2850397324
354229319
222506830
2699788269
557993250
767236963
1018084340
747911832279617536
2411317844
740844607
905625476
762553847176916992
3190164349
2747067467
148370407
2404945021
179996868
417028725
223916261
4738203419
3110026433
1010224044
164194375
27618113
1905299977
243256940
165028134
119822257
166493507
2686328173
51021808
2343181219
1361465118
2973824524
2976515914
878056016
577150345
87502141
248260854
711328062
3047672211
755805596436291584
759178257015136256
232005027
1552914084
762438020444237824
748273276326125571
998556714
435777611
824081504
762430823517696005
3317824097
111975352
622058648
808492898
1060228100
125478573
4818090569
704945334393372672
992893812
710239106702430208
734842482035429376
290770441
313208377
4074012977
1903822530
3837691282
99980028
220784826
1329454082
3260026277
2272088670
742358499963764736
368275140
2357418563
608753143
756585607795793920
754840886303916032
51600399
762390225163264001
3060205265
474832761
762397789183705088
1491366480
757904353923633153
761540727717367808
107395009
92864577
716292998124937216
1968711962
386009403
4851317860
1475476387
762394386550427648
2266184413
854439151
762367893053042688
731968470661894147
754139547777269760
401003101
331186363
1615510884
598724112
71249640
2265696228
186765669
190230907
3491130983
2873463728
2311990279
1572397753
3086900076
1633805862
1038053160
1343298679
706538356352688128
12020892
309905448
826989578
546126681
359946771
757579311968821248
725026121172017157
804404822
64480812
379223832
147464728
4417944621
4829910202
3412974693
718089612
754689897764642817
239301629
328584980
4522387097
126693505
753604094
167592087
4219837786
731846626462052352
757706933436575744
3170279659
709353687441915904
751914874108772352
151484178
222429032
2273118175
372105444
388507109
1267202942
2535797658
18874267
3299562784
619496890
2168661580
3609455357
67439346
755106474511233024
757885022670036992
2538650827
179534481
756052643018055680
2646460934
33608636
755030915424870400
2322960584
755171076951445504
2741821457
80663137
76528943
271388121
239998555
117124555
3027872921
2370059311
1324763592
203213468
252978144
437448767
252510489
2174312300
718910159628554240
592936011
404380726
254202424
88154589
282167595
236755662
545801547
462815040
1324220604
755844373410041856
18446771
750070282136805376
184708652
98714249
1491236538
800686136
74005058
856705754
434805353
144893224
1574900142
482189423
605708088
1541378238
2719016574
49590861
2225537750
203021223
87725571
1728291798
1367049001
59760008
1520201683
1637639466
2404611198
243792913
295519917
172820408
310298059
88187971
94622158
250728308
1098975919
2467933562
705094028950421504
937034604
1530362916
171643869
1663822632
762326710180319234
390580189
1561174506
936213456
1065531108
62362951
3298838973
2167323379
389652275
1153470343
754096891860750336
77535785
3342588905
2653302328
442195057
351554069
176373673
712184211806031872
3246208029
362780753
71312552
444119536
235919546
94051097
2157613710
357853182
304605816
2591708398
715579394094272512
714353718322466816
734801357476139008
280138140
92589355
968562871
379292060
2246429158
710547359072165888
1483316252
552865289
516889382
228086235
282737955
1642989884
2907068782
3229228676
2924261690
1492947282
344044229
312614573
1319440202
157438664
4482302367
759064013741359105
3090505246
487674498
3822906556
1921169708
215576258
114002641
319847673
577021763
331224523
4909838207
3047113396
828448982
448320309
1106501653
126776437
338244184
369915645
128842544
2931485102
114714703
408061326
762277857905283072
300707482
150009231
50684648
459300930
1089186756
248441588
123897095
273097342
754714824010063872
58900246
1682768095
2871531576
3437081801
1609165837
754983559119695872
301854219
761825686197788672
18119782
390606015
754227982105874436
188418838
512190748
4097075717
300753231
752556150625824768
3298121919
762309694727843840
2363929914
2881554388
180575687
942323450
1653860768
966412722
198290964
462282747
601304179
450048127
2354906098
339744293
717758611271843840
1315841208
390343297
762256824481509376
1558021260
340521019
1223003900
3178761670
2468374291
3298093426
4117899075
739478717940957186
459631695
727094947
24421292
500132088
389696897
90491673
3854454442
176278153
39446635
3234006043
92307465
366198515
58479823
2725921153
3346009420
866941442
3421160655
3925883534
91058656
465354662
849381067
26156379
191553827
148903135
79177429
1369371192
2745172883
169595398
762274995972300800
145758106
748575824845078528
183567717
589572960
77428225
322536074
718414547728625665
1471620948
3306835203
762280147122880512
2815006101
135096555
2743112248
4550886136
419544107
762267613653270530
535214237
755872979532279808
127030296
727238023226732544
137467180
507801628
322551792
1347495914
3899751299
516518206
245134462
91754419
756604459942285312
762247765082726404
185224538
760124162136481792
2975294797
1127275363
2820442145
389492986
545654630
2365112607
2184488517
762238293954166785
191013950
4082500881
2844391873
2893948066
510391223
762047353419395072
3337549133
762214479031439364
177908926
18936929
89676144
908459779
942202538
701383334
762195509931020288
411265467
761453663940378624
3042476158
754777712431132672
2941482022
1052378904
595828938
1236430172
760470352166137857
723549401004838912
124496782
762027984618418176
164710175
2856593877
173074540
762092888713007106
3348254093
211675148
762071727824314368
4158881619
2871083243
762069869345050625
414886843
276525891
2869695814
762054997022474240
970146745
2337494733
762047535619932160
706806878
1653261026
320761849
1972495879
1480548738
532604607
507701302
131607456
2816650996
762029472228990976
2253877985
2584005969
4242891400
2294636197
2234743114
91176931
261160499
761985928231546880
752954595580768256
761990083784404992
4212747443
753257793587642368
760750927854833664
755729378038931456
4610442375
117367292
462220838
63982286
2351999550
413170634
2242206236
3698910201
2322948799
523229941
754662983284948992
3420893044
1858234243
2340436621
759532278544494593
1619805344
354028419
418136468
273959694
761928419185745920
761915337323405312
355484081
4167091331
99664908
761918653839310848
735409460982730756
1590578617
760476203912458240
3156695978
761914068554944512
335383215
743134961625141249
756213616240578560
3174213533
754250670241357824
1445538367
2906846619
1169697481
712370700774993921
2216333767
3217467353
757906536039493632
111965206
754367706053378048
355036820
15581695
460305834
2838285085
720653033995177984
1662430652
761857989422804992
2317034242
1509819920
3050646151
2172276573
2182645339
738332952510234625
761803659088920576
3398298009
3044492345
759738082627248129
844262828
2421403822
887663946
480624283
196004396
712765835597783040
94032628
964805054
761698340824375296
2719718452
126378509
1403376158
999572948
557104300
755494168022118400
761666878427234304
761668737238007808
1897842912
385556061
761665222402777088
2335515804
857789016
761648463843102720
874312094
325198716
28971205
3255986193
1143286387
761641080056078336
324554480
295388803
757312140051148800
74686844
1103207653
444985628
417286119
2934128379
2703834794
761449478394183681
761097493295734784
311434213
269450223
3125436232
91968821
3295129604
262307488
129731260
225304751
94053355
280109954
1371399584
21411188
3407508083
430692077
2926596045
314110579
761603477940436996
206361843
1335469352
761612582339969029
761610194442973185
600933081
4180456089
268325109
63238503
3323590390
27100480
761602099503398912
3825261135
753006322103222272
761599506945302528
1527668294
250736922
219911699
241296623
215593197
220988630
727779461765173248
2449124997
790067402
70348449
761581078629015553
4888844668
480391021
761560489688260609
2756748047
1663259864
4841248029
3666371603
3387427985
2729563201
959843762
703819363569311744
255688775
1905182245
2201082810
761541607992721408
2963388167
3289498457
22919502
761071883613671425
239914299
624650184
755376357333499904
513257882
3019585311
251690844
2291703242
3155623640
145351139
4289501901
1916371873
761187115191394304
3368577633
761491637180723200
234876038
302558091
496195836
2440556166
2335560870
761463655913418752
417720556
2985149021
755736503595175936
71001830
281452705
2408346009
72285960
2236595251
97220894
265001962
1052932338
34610599
2896060732
407814818
113735157
709854596097773568
484195536
37921699
4359656416
628494090
404316839
1595065165
4706204057
3037050185
734409374186213376
117402064
2764109593
375881456
2986573012
761320215590342656
70931164
758313459335520256
212355355
301288005
2293448870
760892728980930560
761305008080117765
366428557
4861010068
761309376439255040
754065362367475712
944200975
1103721798
754944223875633152
30672016
1320396678
3379972643
3250112906
3207489592
1935599658
500868833
215326710
523649818
760177453570686977
761289428144943105
705442913334009857
2322068407
88624501
277703453
1166648407
180091050
2635756318
282479138
2401201682
760455012795424768
3883320123
281164797
761277764242726913
750671756348813313
340713319
3239272773
2427022105
266831672
861183348
48752288
308271303
761234438130892802
725057844769337344
702475195622277120
3308711074
756863129653477377
2149028072
172294994
1573909015
42988724
2297944848
2178769486
760223373620310016
263244200
761223534953758720
59409188
247875856
282006274
2342081715
92376289
3291579285
750621373739991040
258483758
3920768669
490349075
740418850114654208
2867150307
92790432
761190060465254400
83226531
313512779
171015109
3404770192
51591123
330923628
51891475
1391192431
784704847
534708542
296737764
158713473
54818808
149243281
761154777803816960
315346845
251728065
714367917291220992
2264106439
2743033963
809846299
2759891510
129182760
760421506983878656
164205102
787610653
1160379590
2786207967
709347872253280257
2813134331
323272876
4091916868
579099470
123277431
761104102810013696
420317669
86315961
760465051123933184
2723411105
1875639870
782423059
210068247
759159929672523776
2747426378
760736888567304192
755456701147512832
552453033
709136399497371653
2322329944
125596448
754943519681372160
3135299947
3419186692
760961007854428161
4862322987
2719880322
1300920679
3035558297
231810074
1500857868
321910650
3076886733
2802152492
756198243017502720
319889397
760942046324592640
183622254
2232841356
760938964249415680
752169417753128960
314612028
1884391716
287620097
607911082
95898689
486663168
1610719106
2312329808
948258866
34909673
3337600469
380148860
718121150392483841
54196124
758339931957760000
760913203438227458
744236762457833472
760909256661016576
2297086752
65367111
1341637776
184735716
31800110
406855013
103035828
406852662
193056280
106690928
369737908
2928194530
705632448248295424
304047702
4592385976
396105136
2896126445
2250776029
345280526
168594561
122782733
755140808731340800
1978803589
798895308
754755409391550465
4855151777
2688665027
760850718148423681
346106166
2638967281
1060468490
3046438067
136199860
910569318
439900390
760825743169421312
293141707
344973023
107337134
760830537762299904
250850351
430629984
760803021957857280
2514661363
318934591
468136352
187495406
754747684871888896
760817011895271424
760814999006810112
751428091671707648
314716310
583117003
2182384862
1230949238
760559921549176832
532571676
312027753
760786663576596480
2483377436
3217266939
236132743
760777506366582784
4148706940
734465041836212224
620769601
2253921944
2717908187
253019963
2995256128
574693894
466822433
2595719782
3677416521
49940201
4612316734
760746046247100416
467474290
1144720556
3295708853
43759681
84806715
3645201448
462823207
760730812404887552
4504164015
1919557273
760722064588304384
760696731763871747
754746062477352960
759093245385273344
760367609103675392
633671842
2820147755
57673246
1636621734
2675874252
358089187
1265064685
754791636803067905
3091114147
2401945124
336083794
3300423017
3836427226
27216851
517705749
3337843491
2617638546
2363308969
760497159364079616
760579384545771524
858787622
279659475
288457554
2573068816
730424791140859904
759059731646386176
250309073
470501555
1480614871
780298386
1436497884
744901818
706940796726071297
1300267615
760568926241783808
890475758
760558484949729282
756865166935990272
14624478
1477120495
337596480
159763206
349730559
215730645
324876202
362997764
757896389498138624
1487568582
72236385
67156505
49944486
1543127306
65479509
93985735
10903242
127512424
760486664573779968
759768031794835456
27142840
2357502581
101237589
620394044
66159824
202625271
3139601513
720929531842949120
906066218
760463286475292672
3079199471
1201250311
934283065
2771056161
2389915693
757509692235124736
482785158
1696594279
760425249884213248
2206020290
1159145023
75001764
123889240
437409187
227790758
553642081
756110894137012224
735511897911480321
1288431217
748135027314200576
499765949
131933868
102188711
760404679176192000
2252388320
55056937
4882592038
209022164
746794497321934853
742525653547896832
614938573
64136998
1338866022
4282112235
2557334316
1544991804
30403592
2154776823
253014675
87981733
760360309722869760
194491265
760356090269884420
1079467741
839167698
471943723
497295793
58925063
2897047593
760278953172934656
755803088951218176
88504820
3011445910
747035822768152580
61826424
1882186520
82991373
512586600
760235986810994688
760209177788747776
2943251
1694686201
126347963
367774973
1522495686
756913232011464704
262666792
737126783905071105
1979686357
427698903
528800979
99281038
268933356
252767896
2296133902
787264346
1481725416
825825774
2355636521
15467148
607027153
3355167699
510873765
276434997
502429516
517731844
304380617
3685406295
2969338967
733783501183590400
395514046
726394415640657920
35476795
2309234060
756983348355039232
758379309006454785
368927785
754775434928193537
1663316431
633302673
611162207
186379740
1022750425
759441299124678659
2748281717
87675456
4139868743
127522662
760188330445312004
759923782244982784
376756954
756838722474283008
50089043
387714280
40726856
103688315
760159839507144704
2330306009
1019239392
101009938
4905607263
395576433
3942753257
553653233
513050752
760163569833050112
2212248124
265663548
760162058570702849
570594898
1469093384
980994223
718144080
626494633
739126458250059776
760146069107908614
714195130694107136
873403982
3037521377
278694590
100194040
4902611659
2572809888
737326830462619649
187153588
1405450278
2881628889
731499145660366850
174332935
760105851025780736
399868775
17897425
442922429
66611660
111328209
155202454
83929344
2874741762
81788151
760093859342905344
760091436943572992
357009814
758974820683964416
754308856617046016
208587519
2662390934
760005750278262788
1663071206
758519888818348032
2807463353
750432253075984384
452117212
2192781534
1205416075
547404446
306647140
219728708
1947893540
724405578
379694042
3892384727
158648937
3400455292
277986200
188054485
199321459
101860723
2905540955
312564439
737377911947333634
932296320
2816510978
3494594789
352701060
3044867429
15507613
115004715
4510522276
244985805
3469303037
759907753628270592
302059123
468761681
484323997
255058759
3425929229
756645390963896320
457642502
232289667
370619500
754613888935686144
759874367324954624
3008494433
759867126710689792
541616893
737714562749763585
301654372
355814856
2326947989
599495524
415813635
3241017485
754618331915747328
253744180
485784784
2834004093
759838333992210432
142211790
759711170940940289
1558470523
146197134
717692806949650432
2736274522
750363778726957056
759842321525448706
2200857452
2315400265
291327227
167717273
3389530073
315314744
752166237422161920
2150662020
759833506700681216
4711788293
303037567
150001709
759821621091643392
172253604
185606291
712637276992495616
140513780
4244560395
209312333
80626468
3020765416
1959230618
537201433
1596695599
759786067558076417
482063808
3365743269
759781335653199872
2717809811
217966630
191442245
759773425611059208
73637822
758215954543304704
2188453700
181552030
777551678
4804113323
497849306
57018732
710445831430787072
759762394201460737
4745175075
759763645534314496
302084924
3369072437
4715203498
1628538601
4706521649
759721448533393408
2501670174
759722081823010816
2946849293
164832620
872329026
369079292
2340298772
131547005
4829177495
759717717947588608
943918802
759627745357856768
1720525208
100790639
358743380
3424949993
738057308635340800
148499670
580022106
23069286
1951726890
998316392
752432998046326784
93152801
1119118020
422711156
2245292914
786533881
726300111849046016
3026524017
823248116
436725335
759657536433844224
428294018
537069203
754097480518791168
749574227234283520
759656588831588352
1858726741
738211043621654528
605516214
747463665172029441
187692320
137015863
2918592453
2899766728
3088650868
33171886
953244974
228591886
3121923908
194902083
756482811385741312
2255072760
415738796
3932128871
2752439095
1177975800
744280225173798913
757636502834835456
1692374906
4055490291
742100937762869248
919709348
2777095827
197344718
759529256028368896
14075773
3364808038
1068928634
759523789042511872
203717968
84860534
759525085975875585
1589458632
1478122387
2855687483
756401322774134784
3435488861
2532541004
4592454449
73760075
759505289062313984
759507470389747713
1580656830
349590023
2191760590
404997386
839556643
4715880321
175156459
759491713043992576
759492216901500932
114408269
726511642431873024
233639378
759481022811635712
123199561
4425601095
753639147353542657
127871544
70631591
416357435
240247186
759466626748153856
178298417
4332748480
272402454
291817427
2901233654
2225017866
1006331214
4387250129
19011604
759402329930162178
246191553
795173089
3187802373
754388312442494978
4866578019
177954287
401312010
758153306783047680
981985135
108412088
118401391
146029057
96798956
2526752123
2438540881
754743314260303873
2852110946
1163242538
348651011
435351894
15972314
203073337
3021718995
3299060037
277528925
3306895427
703286287
1156182444
4820787167
759385883401478145
2317913258
813719022
2158420240
179658631
284012988
293052446
3233441474
224569491
1369581716
731117412012064768
759347193249660929
754937036243689472
347327874
759348389708521472
2953401359
755068556123971584
39266633
541083523
372175176
293922871
751814159172501504
526797213
759327091703762944
754629393184612356
1946884206
726456071041118210
59419071
2768650853
324404639
3294592915
159785613
2743618893
744490577010561024
74838547
750030257160351744
438335001
1557824318
759291328165515264
132131460
225014750
194942983
2895849673
1680958026
740133509885480960
300729197
968417622
2537017928
172698266
321280579
183580651
1040068794
2152586780
163970041
522619303
407318372
144156204
1005119521
2760256316
715153983204155392
3164138520
87111669
297310573
3460551682
298758505
287757092
728196865972281346
347494723
47826043
759183333020557312
163443769
754041699169624064
1697717191
4471812676
4196684704
179856729
65484794
344393023
586563276
759162830973198336
1073132186
2396425179
291303721
2569382928
90775716
3338746565
106114488
185385904
96630087
50207274
1486633063
755492961056616448
1365544699
75292614
1524665689
1523270994
1544053140
209517830
198902883
328129436
359087629
190641998
73843323
2922221351
729579669733969920
341768316
103256747
566312300
2976121312
333918784
2568645228
754422033249886208
166115917
3421174445
2659686682
317202684
2593535340
755481779914571776
702901141
726457987
1895084076
1336871167
133361987
758323510074810369
438511975
2575422273
247625162
743156395428683776
313393176
2834043607
609288934
4516801641
1040649882
3130962163
584497138
1351715100
753042892051087360
23234689
759093151143456769
366610149
943474872
424392156
47962331
2680511035
1731153038
378048819
1719864252
759086636663705601
556903995
758544129655730176
108427378
2373151053
2835603786
1481827795
4623638859
340647673
2965581249
540753112
982283472
754147388244320256
796003242
759065812472885248
756826468240486401
3407376472
264127768
759058238230761472
161634915
706750314
189843330
227063444
430715411
442838446
143186751
311182648
362973396
224695683
3492584653
1696190059
138749164
759024467129622529
2896213649
344383967
2597444420
110785143
2175353328
3313635156
1425481303
1101176496
759003917900390400
251625408
757844423237439488
142986929
758996632595632128
317205009
2170693002
492069996
285067933
1725925268
276105489
490345214
738412418
243762206
270940712
758976579485564928
3404056835
758973228039548929
621079936
3557358082
416772488
773802036
758961274252210176
239826292
758948980122267652
1695992071
758928869936148481
3239024093
227435618
20067516
756435619509919744
2255454787
758934297810051072
4854512605
4793584697
758249647760613377
581740201
2728865619
758912575270551552
334267223
3176406750
2326945893
743235722191208449
706409049
873537552
758852506050932736
34611415
709425315328729088
758817050340974593
265040487
1401535273
1142595390
3309156172
338034612
621426773
758775231209234436
190990837
2969143890
471353332
758770469852049410
800123022
758781628042899456
20376836
2411452462
2763105220
354005276
95436140
1528686546
173769921
189991259
895747033
1482203514
740295406509297664
426015255
3939289805
2482140229
4260587422
267613882
2463593893
35475296
1288757857
2356321814
257490216
758743925305712643
14095160
3401422684
68027200
2382337636
1938752479
489337460
297830334
758729628693385218
758725009762312192
747895784767651840
755668119595745280
4703475709
246461396
1719052003
758382998140100608
755588183400783876
394272588
364481939
207876750
758300416815882240
751424665608871936
758682473157038081
3994466177
220446609
4923972141
758674412694634496
3347581721
629550589
4881085618
748794985042948096
1479783804
1536136212
2817439374
1283407748
77443868
441621928
1665629490
717011136806301696
2779045596
2736161715
2656754192
724751525143261184
173831216
22526082
490129396
28093791
456895347
229035647
92472859
184712976
2731842833
168625553
754935398133096448
264932509
727121619693477888
501694090
2411358990
3096504773
1893133640
2570491172
4861317879
771208567
381705987
2776446184
25110930
1027029577
133682406
2641121131
175991105
754744708820246529
3269084040
3022748127
2733943675
81102153
125781173
2208912489
758590274125828096
317755077
4890547762
95658203
4104353793
758578947395350529
995160660
712965459767898112
536157086
237838548
3728805257
49909729
758567664394596352
4816737033
758560000293896192
292820123
711983767506853888
350333806
3434243499
997670966
744405391413501952
82045187
2688464825
722127506
901923452
320611656
364185269
117110767
2999909398
617364059
96963942
2931091096
758451793991000064
758451456701788160
1050265130
757964307787345924
154041503
101865124
4494562053
758398936050704384
312657866
1398994951
2695858324
188670322
1881090066
3708188363
4897852457
2893645804
152797295
849848600
3142052945
253056257
1284409765
539332795
398683781
754118748861263872
716493284
758056640335732736
1042804201
314019897
758397433604894720
758398601571827712
865335330
1543089662
145790144
3040964868
722685681332535298
24021633
2399162148
708665259251408896
1197196484
2330683909
485827281
758378197553668096
1625419879
3115478607
292982083
229125427
68014699
576241923
708104735711047680
149584693
758367097730822145
250841796
65884200
758359417880535040
145635617
2490496977
944143082
2965713665
840507601
1643050196
475237160
169998404
1566253458
273933198
1327540388
92330628
190198405
2179984677
829633135
755661633956024320
1625895847
1971378558
204393680
76728585
108092985
758293217498587136
412491447
267885283
104802624
2700954804
736154028
419811091
298020453
50345127
2697092572
47996772
976801008
730761702975868930
73376956
758297971926630400
757720138737192960
758300338138992640
996852806
215807015
327004859
108018325
849018530
593923655
231754506
174268944
29191998
2867242192
261671781
352922198
12125022
757677863617359872
18988192
758280390041894912
202246852
955255298
4707667942
2785688918
741274215651934208
283890072
498732151
2584533414
2361253976
283176504
516874457
3049974889
587225657
747767583634563072
1506624438
1405569895
150238742
4264133115
292344785
2759197452
3003000951
2580148044
445686730
758255690947391488
2945509481
2719993187
110484528
3919362376
941847264
450881805
447038597
136992373
128595205
860214630
150785775
754919967171158017
206155846
1496453251
64197940
3149221809
101815539
1612739856
1400306905
387121889
2225271240
756394710583902208
1586719855
2202343727
4892167029
1506158088
758196420092452864
2263479655
714908600095875073
1667493806
757929556972040192
758185985805021184
746670115119312896
758175506533588993
758159288334479361
748279458352730114
2205946264
107072968
84505900
228640952
746315963780501505
580608236
23107649
2211230514
729987580075347968
2660384155
379400731
758082664746418179
519441337
754222487995645952
145670617
257784667
470513370
758065853132832769
758067829614768128
2876480739
21977681
321311538
191135199
371393229
2240443192
387309425
758053278345228289
1129157196
758047027292991489
2380578131
3405942411
234897764
758040391950237696
3634220717
1540834398
755361449258672128
174984783
398854191
792347114
758040898986991616
372227698
2623938160
2892403341
1944734334
4237006750
2557432602
1623848623
557325116
2342684599
3139509995
784224006
844090344
373854815
213825061
95271855
246446994
732061860942450688
2235773936
736260472110977024
2977733452
1252606784
2722127350
2933728113
327474890
757564931562700800
2400229150
758006629791064064
758000441124851712
399080042
2304437149
368275380
754680538020114432
131925845
348110865
269925595
754980007429144576
756814914484830209
600855980
92951185
312206192
3134715888
1070499223
458375698
126933954
543882441
105797402
732571142960099332
366572148
3054120149
353212681
54042025
3293696528
3407021524
229784543
258024778
311355237
1048683842
757940456932184064
303389118
321524587
757945262308466688
429770072
895972860
458716950
1031150324
823066237
721957926852804608
248883304
506250649
73333244
147177509
76947881
756480200095965184
1580613331
755331990828843008
474390728
579359661
3179770648
1845375042
757928524405694464
3964247471
53404814
543469671
755885253919735812
757906326005637120
757920503097090049
733276075690692609
830823103
731844781119262722
2357269389
342664343
98935369
3432399927
51196801
757898846370467840
18619009
328866555
747168084562182144
752158417343639552
16887102
957153679
757899363272237056
2980362641
428874684
1202396899
712923982979330048
1505900604
700693503236374532
331854342
751360636064530432
568533324
286716469
155984750
187459194
178733554
160899714
359351261
333748346
222213202
116224169
635768822
2741790699
298473486
23390144
332198540
636855144
2240116707
977054929
326682800
2435069173
751873874736910336
537038173
114288729
297371593
55939572
22395307
203156660
297640636
328047094
1622583498
410100847
484285277
2686811071
200503790
486493953
56639786
717016933531586564
753441727101349888
391276681
437625168
798340320
752833447505297408
2831336914
57915896
4774209201
25030807
757737792201957376
2550241584
264953643
32969336
2740872793
119359332
311814816
4152147196
548765891
4140536656
1122304562
202339455
754082793609629697
483383042
2733038017
2568945942
757698218461433856
2867815528
4223772493
1320338078
120816378
69003208
757680390060576768
116700100
4756334958
156235923
421336196
998149910
122508698
2249081906
267923147
603665329
3139349848
3927992662
1496424624
307531743
3321281860
103942323
1357063123
395319931
418010511
2912570692
196278045
102642154
1318549717
4158090749
757658661619699712
4221203607
757655266905161728
757651394690187264
754133421748785156
757646664832258048
745441575908614144
746704396650676224
1239436987
367790005
757638054551191552
737746833309589504
756605238388424704
717385782395322373
144760343
194913673
757628309618487296
756908845205745664
969849127
1139566068
1453590248
31369271
757615800601706496
1397462120
2271553174
756572509567348737
2755188236
2262457984
4119762255
62973904
2361147727
3290107382
66834488
149044403
753024923325632513
757402940361453568
741724960289357824
766546627
755871128434970624
326925669
917826199
390043755
755772306576777216
757556353636429828
104289709
51091077
296133721
2149487274
134108261
2240957431
753360523
1725551989
2979021439
117079194
2253469248
2628754865
529362406
1520281412
750783375896678405
62810335
357373225
2937226916
716220417313259520
78274814
719505801505857537
2538341490
357049434
143729393
445763591
2166867819
180749107
369470822
357721300
731416745362268160
757493035424940036
1034553150
626420730
2234571015
3412152508
322441632
316398950
1255735717
1160716286
993531355
4925845522
37247178
462473165
3342067534
757248777501761537
757463138472194048
1640827465
3469958020
1075945064
466312349
835591566
1487098452
2366794182
2984790907
94404505
2357961415
421370706
1441516879
2762136977
3018178185
3085195358
702605098795593728
1636444214
709274695
757372329278091264
757369279851425796
332477234
810575665
594021236
4843468931
755835029322883072
68733007
2230366929
16756333
2964958521
578006139
803402665
436682841
4073224153
2719104910
166985235
757334609071833088
838593019
150247364
757326968761319424
166966170
28768379
499875545
549428393
4925585741
2482859516
158748603
637360912
159238326
4301195536
354566773
3041410510
425103579
757312364475801600
756888073900785664
482219434
757313406143717376
206835978
3296743739
388280833
187021937
743201050312736768
155336932
2960065485
117499926
292410560
154842297
1725913668
744544745234522112
3930939023
754732721864380416
623648501
2702134754
4781954236
48929822
710976846
102775997
2803844264
756399867799465984
474970331
757292659409031168
757292527292735488
416254878
2755961895
2168797213
1236103680
457872876
572893700
141230747
392947721
757274540980461568
755906989079879680
3223346980
2994904686
34614871
370922818
2645702876
725127954993401856
1539596378
1252836332
185165348
757270417497358336
15643999
212694039
2243419707
71016929
96527159
2880121651
258622199
2867892250
756209938678939648
3391817997
187526177
255394295
798899288
754780034662035456
467301114
757249960865849344
80786880
757232825414389760
4344474675
94924476
206988618
739392163973365760
952484538
350782305
1594275967
1897442017
57316032
2184420336
155331987
720315478044839938
63124470
47970936
274959144
141351922
522369344
306217353
75669170
512163571
314762172
90597307
737616969638154240
1295125184
452252950
378150210
3433924065
756551744537161730
1227282018
3826327233
267234450
3373804089
4834734862
720619045020680192
74089631
745645402981081089
410812244
2348146924
429870476
150554116
709215046463791105
272632709
2210550949
515254623
1965731430
3158755168
757189327382278144
416503341
1314440724
731496260
757177337179963393
735831107296501761
4818335620
2836590507
2871101369
559780705
4685488352
205462104
15342244
3214663767
2719574109
755129566352539648
713802410305523712
756588921472086017
2838888343
378457220
1904894635
337042279
148038352
757161993287639040
2790849086
84933146
360445077
757157924099723264
757158925837934592
1282913820
393872032
4310965049
756786936623292416
757148459115962368
416169005
564908964
478520880
1081280064
752535647827656705
81412430
493273499
757140684189163520
232275359
374488095
2351895528
96559285
3307612295
425210053
2855122630
285798577
582602271
69606093
3363744653
754201057979400192
2956917006
1672838006
360198268
1566531320
704033845511897089
757112243385409536
2477294567
714332079589339136
