1137941029
788040744875556864
788038571189993472
2300369510
788038393980739585
788036985990578176
2322655069
788032219885568000
788030987754147840
709311649396727808
788029766884532224
247770293
788021768510382081
790232790
788019899784368129
112008825
712646978983829504
788017212665765888
531654723
788016542780882944
788013800947580928
87298510
788010158777597952
2954806202
788005782549848065
788001075974594560
464151923
787993449618432001
787938387860791296
917924280
1421269368
787986423806889985
787985975490252801
261988440
787981169883279360
787977224360165376
46223683
787973017607540736
115961974
787970670638559232
787971170394046464
621960047
787965367859707904
2653270740
787956188218527744
787953618108514304
787953006037889025
787952145907716096
2877907127
786776482010001409
787949645464993792
787944841179258880
787943854137864193
787942891230490624
787940591170617344
787936645869932544
783339588194603008
2812854020
3239008863
787932608416079877
167087817
787929964024848384
787929790259036160
4092379761
321395723
737010886477549569
2263969612
106053074
496128930
787917175713652736
3192029759
237823975
787907347863732224
787906220824854528
787905191362367488
787902563018473472
787879257020170240
787874587052826628
787873363171639296
787859894984708096
787853615662829568
787850433331093506
3170460693
4451777355
787828180816101376
787814048805117952
787810786848759808
787810952485957632
787809291419979776
2545974772
759369553302392832
787792443462848512
787792234146127872
787788607339765760
787785145017335809
2647893044
787777819539542017
716595939855740928
787769436065390592
337602307
787767215579947008
787766241624723457
414617184
4176881661
787761303096061953
787761964399362048
1202059220
787758215828299777
787756698815590401
344669286
787753047988510721
787751564589015040
2728986153
129581315
787746037691736064
787743924072873984
787741909217316865
787740699487862784
787738647479156736
359460733
787734131706912768
165538644
355191416
787731270205833218
787729231023333381
787729400133480449
787727942516432896
787727656599117828
283977177
787256024315166720
787725621589868545
787723614615461888
787716006126972928
787720549543841793
1544858154
787718001890041856
787710718799937537
14153129
787715698298654720
787708543331950592
787709151979966465
787702813006725120
787702474706710528
787693648666329088
787702995903479808
777607003686318080
787691527309066241
1566346266
787690458906497024
787235235134054401
787689522712682496
787688440330612736
787680587087802370
787685656155815937
787683712997658624
323780522
787681288463482880
787681359393329152
787680331478495232
787677597463347201
787677696327286784
787670964398133248
787670841202970624
787668741345644544
786218594656976896
787663647849975809
482330622
1263030720
4243570827
787656327900299264
551601164
753539154101886976
787644650840612865
785764497013272576
4685980740
763788602832805888
778628836615344128
787635545522507776
740882597019025408
787633521334558720
787631282398322688
787629539115540480
787629560129003525
785079988802297856
787627033589350400
787625027235708928
787621980967145472
3001108231
3122369403
787617259359469568
787615214216839168
787613229887418368
787613664559894528
787611746743771137
1180303315
787602289557135361
786948007287816193
804222240
787598276744908802
787599164393807872
787598405522558976
787594560763461632
718858467545587712
787591052655992832
787591675766005760
787592495601516544
787588395816091648
190399291
786955161323339777
787590788804902912
787590211224076288
2863498946
596565902
1525160856
787586443623428096
787579147614883840
206595773
787583415138783232
787583740134494208
787581775572770816
552095361
403971854
787575892918829056
787575632238641152
787573134136373248
787573425648852992
787572780996915200
281324823
787564965980954624
2910638711
335316768
787560108540723200
787558620112252928
918843229
784858557988610049
2509682762
787549139961802752
787546857564233728
787543006362632192
787540540875214848
787539965907443712
787538796485210112
787537688756948992
787531629547978752
780703951
787511912779157504
1858865952
787504797507284992
787489224710815744
787487622662918146
3241705668
787481480326946816
770231373319774208
787478154118107136
207938822
741985608948649984
787452003601510400
784412963469979648
787435041802641409
787434824504057857
787431895332184064
787422696518848512
784965486916296704
787420175259820032
787419219394719744
787417035332517888
776410282134470656
787412036481323008
787412001131814913
2768321236
2765726033
787408056195907584
787407787324301312
769940487692320768
787400131654148096
787398244787691521
787397295851601920
787394715293483008
787391595880542208
787391401306783744
787390804495130624
787389989042655232
787390387790946304
787390249005703168
787389905555099648
787388415234961408
787385300523909120
787384039686701056
787384263763173376
4482701300
787383059498885120
787382369057636353
787381085114171392
787378174422319104
787376973123350528
787375860106100736
252740710
1908429420
787371339988566020
787370925058555904
787370272211042304
787369375250673664
787367198109097984
787367584056406017
3290024249
787364391415087104
1656252673
2769826464
787355646928777216
787356797954887680
174261164
787353878769635329
787318605113352193
134418963
3200650726
787349647719366656
787345372461035520
167850862
787342478517100544
787343307777118208
787338661281075200
787341060003495936
717705313
1196816700
745185490953973760
272968799
787332871325442048
65739205
339587535
4762910997
787329610824507392
354351645
786887204786307072
440735753
771082513943003136
1324538179
787310839971844096
787309073167421440
4546406896
787304520514674688
787303934297866240
14201332
787301494584438784
1514008014
787295500273905665
787294337889603584
787288834388201472
180125483
787284861602172928
787281470125666304
786023141705338880
732470800075259904
787276547971510272
787277457527279617
787271266948509697
85562541
787265212344832000
787263422505385984
787261904108544000
65602417
787258008057286656
787250175261696001
787249557142994944
205390971
787245947453669376
787245634109771776
787242026031050752
225012015
3079112831
330926942
787236896921493504
787235033639710724
787233715596460032
787231224683192320
722614058
787229517869944832
787228899394592768
772888676779040768
2576143146
787209950326091776
2821244987
787205718403379200
2474731588
787201172021080065
324966659
779153277531422723
787199928334479360
503691567
787196293982674944
787192283137449984
787190784927920128
787187811241889792
787184345568124928
787164559467507712
787163067335532544
787161951466057728
787160945302900736
2750872644
1092151813
3434009927
787137173548044288
787137615745130496
245792174
787112637322657792
787109878238150656
787107102158446592
787096695087783936
787091544998309889
787091760270942208
787089067179728896
787085933988417539
787081980961849344
787081399857741825
49160826
526835177
517826131
80886735
3122785893
787056861052805120
534684127
787047314573656064
787047289990836224
144815788
786910976234889217
787037983010676736
787037353797939201
1127547888
787034582679945216
787035161418432516
787032170774794240
787030936747667456
1415744581
787028282436882432
787026504865746944
787022468179496960
785218636684328961
787020689400356864
786722274644754432
169976045
787016536972206081
787016247972102144
1478416694
787011951562002432
787008772959002624
590671212
787007017898606592
787004707751485440
51301558
2365422975
786999892552126464
786995484888068096
786994197777833984
107826676
786993807124488192
786990759723593728
786991129564766208
786985853272883200
786988015910617088
786988579062964224
786985306557911041
82918640
713847747611332609
4474236339
786978924601438208
2302007651
3524720129
244890569
786969190712442881
1107066164
786963961367461888
786959094427049984
786955383097131012
786954703410196480
95213732
786951132211974144
2909929231
786939742222970880
786936100371718144
786936380303765505
297455959
785410842980409344
786887792802562048
1613618406
403973775
786926105110405120
112853399
287168721
786918336248578048
756567815503613952
786912425568337920
2897386515
786909622015762432
746199318
1417222435
786906890961838080
292218571
786902161380835328
786899245060194304
786887473108508676
786899135928606722
786897854677839880
231154901
786897036801171460
3457809072
2870542421
786888403413561345
786887076402847744
786646731484200960
786882623033470976
751467759251361793
786878457628229632
786870280891367424
786865836267016192
786863112750333952
3032325969
786861682438144000
786860788258660352
139378349
780514172488613888
786844154332667904
786840728521572352
786837965121224705
786833517305102336
786826763724873728
760235534
4605987317
624840631
786813766239387648
2645157137
786797856598351872
786789277585723392
3326196932
45806368
786778496416751616
252562217
25703644
786756927384592384
786755642161827840
109723256
1559215866
3230140412
388939557
2992689579
786699121742716929
1611323204
786694864004059141
786693570149384196
2733676215
786685683444441088
786673539986448384
786680582545805317
349507308
786671455291449344
786667428721885185
786666560459071488
786666903494426626
786665215366684672
3245236743
786663615516508160
748981334014566400
786656549829771264
786547965812801537
2233291111
786653792045506560
786653111351926784
786648311856033792
130494271
317333887
786643934650982402
786642592381407234
786642402073317376
24098377
786637909575274497
786634208311709697
786635105414569984
786631179021811712
786627254986170368
49539355
786625096484020224
786626257383485440
786625637134065665
107522304
779044091862671360
728492209
786619090769219584
786618153673584642
1475454697
785890941722689537
786613482296844288
786611198204768256
786608116829941760
472742200
786606715080876032
3407130790
2789603854
786597523620233217
786593782628220928
786592865455448066
786590493635383296
786583864219209728
786581151628587009
786579764622622720
4905772511
231381889
786569697940627457
786570272753188864
786568210111950848
786562655549001728
97891916
786554721242841088
786555097853652993
786554693606572033
786553930356588548
3301367370
4645614975
810424267
786538375679467520
786534218855702532
786531829679525889
1625470837
786530613490774016
3101590678
786526107369664512
786523674698477568
785828787300687873
786518708055310336
2778525690
705334462620573696
124999950
253383481
157429857
786512104945778688
785579616056422400
282491388
166941793
786506889429413889
735069650858463232
786495584131842048
786196306469322752
786486640151826432
193227384
46760864
786476637470781440
786476079879974912
786474365948923904
728926545226518528
3904281332
786463550399254529
786111977668173824
786464937572982784
786461214087974912
786452877313187840
4087686532
221714916
786444505792872448
596834896
786438502871289857
786432927601201152
240158737
786385278374215680
2193930186
786413228238708736
786406097028427776
786403871216152576
786215226345713664
215129757
786372666286637056
2809898848
786357344208842752
786346972185825280
786344785162432512
786341707575128064
786335358355173376
1961578993
246683313
349246779
2439783295
786323650651783169
786318887059066884
754257828290985984
786317714864402432
786316510113464320
786310718182285313
257622153
211178808
4894440663
786304059041017856
786301038953369600
3007258851
786298286244331520
786298615723679744
754838106
786297273944829955
786296375298314240
786130648679452672
786291112747163649
786290899638771712
786290046831882241
786282385688162304
3420194819
786279311967973376
786277827205292032
786273311974105089
786271389422612481
786271714300702722
786269153409765377
786267522324635648
786263577871155205
786262970594652161
786262486794244096
786261415472529412
69937934
212158677
786241113678045185
786258761518317571
786256912987910145
3041272415
786255772007145473
786252856571600896
786252777966149633
786252155749539842
786251403610189824
786064867987976192
786249558665924608
786248910377549824
786242492597493761
81869746
786235291925348352
190795528
786229794979577856
786228836249767936
786226783435821056
786227781365534720
785560177844051968
786221934350626816
785972022517968896
786215076130910208
4033683813
786209375664963584
786209446737436672
786200418741346304
786201033504595968
1968448890
786189148910673920
786187791856177152
1186738964
707235441779580928
765989530675580928
776544754217594880
786171262372605952
785330001080123392
586550404
786153169130774528
353128981
786148307940872193
434216717
786138050107768832
786139019252039680
786137990779265028
786128668913463296
4927874944
746820108144771073
117803864
786123505511325696
786123333419012096
786119846698385408
786117585200877568
615018581
786108678009188353
319587897
243430815
786105133025329152
220060544
786100717404717056
786095142298120192
344161473
778388041224204288
294691121
164043817
321843317
3851495973
786069246375845892
786063165721313280
784295681968246784
2476227846
786039659012907010
786034031838240768
748239473335537664
786011420693585920
785996367697018881
2797699910
785972733020631041
785975380012331008
2783339700
785973137427013632
4479927263
776670826099769344
785966232713498624
785963739795390464
785961749291958272
785958955126259713
785956596639789056
785958170745241600
295353244
2722463280
777425682527883264
785952291492917253
315984932
785949471616147456
785948886720475137
307282821
785946431454580736
785939945491947520
785935700034105344
759538848347090945
785934671158870016
785924975584739328
3044569072
785930664193425409
548612245
785927450270244864
785925644462981120
3316100309
785922108002078720
785919021824737280
785918091058446336
785918262261547008
785918415487770624
785918029402079233
559177640
785914770289487872
785911532437856256
785910642603622400
785908525696442368
785908352102653952
748071867626455040
3013467356
785902955090194434
785901418997768192
785902515200126976
785901287355277313
785900729722662912
785895374502432772
785893170357960706
42409041
439097593
785891347593097216
562859347
785885114861514753
785883567700054017
785882472701722624
976188948
785874788304691200
785872818810589184
49800117
2601691464
988435514
2905412314
785865804248154112
785864977810919424
785863915288887300
785864084243832832
785846442954985472
336731996
785851553655754752
785847121060753412
785840496811839488
785837129343664129
785831203001733120
785830701409206276
785828967571922944
785823971472179200
785824661372370944
785823336332988416
785812667437056000
785812474998194176
785080029759897603
785806269034684416
785807272303788032
1426362416
759701954809311234
1415265289
2763049943
785774107430445057
785773162151743488
785771681373679616
698750440163430400
785527771489533952
75136369
785765272351281152
459417369
785751092198010880
254640845
1851137264
785739104159993856
40856040
338546982
1400540089
587412765
785715933260222465
3415612684
556156872
785704595385352192
4905758409
785700446082043904
836982260
785694400181596160
785690060326862848
785686822026354688
785687571967905792
954292802
2982249058
785653323491868672
784083187
2214931158
203475423
785620889761091584
299221006
445301734
264356501
785612918700335104
4820615405
785610454152384512
63953027
785606327452205056
785605125385650177
785602465202929664
785595952979582977
785600082699845635
785597449092018176
785593567024517120
445435554
785589086773882881
611750499
728627103546101760
785124516712374272
785578993151991808
785577295540957184
785575164146700288
785574048705032192
785570908647718912
785570102406242305
785569174059909120
785569751896588288
785568087642935297
2189951628
785567411814690816
785565864032669696
785565339379703808
785562777691848704
785565265132195840
785558304202317824
785554937451274248
785555882138632192
3085418173
410981367
785553120076132354
785552816660242434
736477550873038849
785548733052252160
785548896357539840
3438847275
785547045654392832
322165061
2845518826
1650510642
709083974434463745
785542535011762177
785540843302256640
785537225626877952
785536384853573634
785535301380866048
785532462860537856
785531861045051392
785531218494357504
2450062736
785527792620433408
620789298
2777990219
3696449537
785523252357726208
370303602
785519304712327168
785519111937941504
44327645
785516232854372352
785515113667239936
785514246381662208
785510821614977028
159602289
785503944168632324
785502088172298240
785498003394166785
785497926772613121
785497297106919426
785495246914420736
705478284
784761898835251200
288406161
785473856223993856
785472543633334272
785471335195668480
785179232053977089
785459373548208129
613274927
785453425085546496
785453906461622272
205876032
785450058632335360
777218340171485184
422042870
1564038320
785446655046905856
785447308246810624
761158723305869312
785445062427701248
785445021789159424
785440460894601216
785440371635548160
3296053764
785436923888361472
785436590898307072
785432348603125761
785430176414990336
785429062755942400
785424607738224640
207587506
785421065065472000
785418228432527361
3157710947
763565299
785415636985970688
785410993237139456
731793427403169793
697044710985232384
785405486912929792
785401990687981572
785400979344744448
785399799134687232
326953326
785399409827807232
2876195433
785392536676425728
278237191
785390303989600256
71594866
173390387
785378070672834560
785378013202571264
785373878029783040
785373429977452544
2917640024
785371555215867904
785370627813302272
785364123177590786
785364561918586880
785361934988242944
785353324195409920
785353219811774464
785351643344801792
239134954
785323577721651200
628398914
785304585372045312
785298834729689089
1636027802
785274721726296064
785271489599827968
334812448
785257716788977665
785197955577942016
702099129166647298
154498993
785242055203295233
2413796171
785238168509542401
851625613
478487275
488803053
1770636529
785230961113956353
785230657463193600
2971392111
2794910758
785226904957845505
101506799
601816171
765307861
785223197302087681
67870833
838409197
785221714825338880
785220797988208640
785221153140903937
1645589528
785207647343632384
785217114978353152
785215461470371840
785213718376382466
785213799318118400
785211281552896003
785205196976713732
765534653356863488
785206123179741184
785204365304930305
785204331645722625
785200391365484544
785199998287962112
3622328380
785197747423027200
785196401688977409
785195622588612608
785192841131782144
785193091716227072
809523451
785190895222190081
785190166528987140
785188419408367616
4149326297
785187338183925760
785186298847985664
785185757212381184
285008517
148144413
785183928374157312
785182757693579264
785174415868850176
785178940419805184
785159385307811840
785178186808262656
785174758514126848
528842090
785173816762855424
785169498500366336
785169194606325760
409609905
785169629853413376
785164486156091392
136997896
785165644417343488
515309259
11365432
785159599825514496
785159729475686401
771170994249609217
776769096708947969
1523189082
785152613327179777
785153952123875328
739796710738800641
785143957856587776
785143507279310848
785139585055588352
22298195
784822209961398273
780930937194504193
552292091
785132271531614209
785132457624530944
785129643380772864
3345219442
785129819352817664
785128319033479168
785126043833212928
785125112915824640
785124454225547264
785121527863934976
785121348293128192
785113973498736640
785114703378997248
785110424215777281
785107688871133184
265337262
4355309068
785101051749957632
785100985551163393
785100188415365120
785092853189976064
785092095279239168
785091381698101248
785091023181602816
785090557550919681
785086074410377216
785080305602420736
785081368422256640
785075064635023360
785071180139094016
785069108744298496
252064764
785063714911293440
785059069098881024
785061511484014592
785061259473522688
785046568894332929
785061072759844864
785060121533702144
785059602975035392
785058384399794178
785056101125545984
422032006
1012713888
106449712
1493945306
52414419
2290447092
279462729
785042964812791808
2666092348
1485830569
785034073429409796
772842406580461568
785033920916094976
15483640
785030048390770688
1026563161
785026277191380992
785023190804357120
785020007709306880
785013156229812224
785010440074067968
785013346793844736
100500460
127146206
785008006484418560
2647159112
785006476423233536
785002139882033152
784992981975756801
4266654013
784990576253014016
781740662664400896
237647556
784843136312963073
784968875825913856
784966608628375552
784965291633672192
780360945637945344
784932366863233024
784923146277294080
703794178245992448
784906899707793412
1191159769
784903479043260416
784900421496213504
784901221182279680
784896439872843776
185890280
784895666552209412
55056332
248257716
784886915359203328
784886418246082560
784884621360136192
784884590271930369
784883583697711104
784882977331376128
784878809577316352
784878401316384768
751154583477583873
1863081073
784872129321897989
4762398495
784870658824175616
784870415978074112
937776410
784868261326426112
784866793072525313
2600643289
784838437019025408
784864985780461568
784864440638377984
784859028606357504
96604646
784856561571270656
784855446641336320
370282365
784852776169996288
784850256341110784
178020460
784848385253707776
1895016013
784845932324085760
784844865809055744
784814654514159616
1048815469
784842487873536000
784842865310564353
784842396093808640
784839562023534593
802734156
784836540446941184
784835653267755008
784834050150297600
784831792624836608
195472594
2239440846
784829334305529856
3281896031
784830453089959937
758367876915101697
784830327965491201
4784074583
2985235527
784826833166594049
3306424132
784826732499070980
784826590744240132
753649552301973504
784822912582840321
773443019404087296
784823668308402178
925684170
784821502202044418
784822167636770816
602563776
784817986905440261
784814748579860481
784816259678560256
296272536
552898655
121409189
204943693
784807747455971328
784806567870918661
784806541715202048
784806207118868480
756190639759425536
784803273962381313
2390649739
784802028753149952
784801210746404864
784798439087468544
784799533071032324
784798182266077184
745324584027598848
122981369
4725938794
784796536165265408
784794572404690944
784793023620276228
784790594463928320
784790467267457024
784790139549650949
179001843
784788184706195456
784786845070688256
636480057
131454026
3047795232
784772822048595969
784776027872628737
910970852
784774924321841152
1533975175
770705571163021317
423635680
901394322
784770208254820352
784770788297670657
4691269236
561503274
784764537442533376
784762483546398721
111703219
784381444491796480
784755655840239616
784753070165155840
784751341491064832
743885269619908609
1239185304
784743769866469376
317012462
3320679351
784737551915573248
784737495716098048
279462946
2883777347
784727913136553984
784726799490093056
783125206101393408
335471771
784720300961390592
781135096917200896
784709605221949440
784705356224143360
784704321078304769
784703591709806592
261644433
56378371
784695857539063808
775709457762443264
784691868265279488
1204414808
784689231235051520
2822414717
784687558835986432
784682160385036288
784679193762226177
527869849
784678418214510592
784678430767976452
784676107928862720
782169145773350913
784671552403083265
767623941007482880
754817143871512576
65077391
784639746098233344
784637896263368704
3322617243
784628897426079744
1425951967
64791202
784612451790774273
3317866145
784609573202255872
784478059009286145
784557332827086848
63059007
4837575067
784548244013608965
784547340979990530
784544373606342657
2196049378
784534887906811905
784536083618992130
784527850581987329
784525008865468416
784522574395039744
784522429167263744
699331515231178753
784519001657442304
730339077690695680
747208541577052164
784517387718713344
3053629817
784510071917150208
784508735351877632
784505812500840448
3084979217
784475036694482944
723568431371587584
784496469751500800
784489637700112384
541770622
784494827371192320
784493953982816257
784490444717694976
2214776270
20864119
784488100361805825
784485555283394560
784485798167080962
784484285973659648
2887730589
2898984825
784481111833477120
784481241450119168
784478814713839617
784478510735843328
784478015824752640
2214660188
784465184907722752
784474535273832449
784471723458621440
784470551750438916
784468359261876224
784468597112528896
784467751591116800
784466465114169344
500813743
784462203021852672
784458217686466560
784458203950096384
526711050
784457689183227905
897712676
784450684028645380
784443941110345728
11438532
784445522878820352
784444977522802689
40873478
784431794707918848
784431667557568513
726310198554595328
117768108
784421387956019201
252842273
784413428446334976
2642278955
761446914
934768627
135771699
784402434231853056
2734771569
2786242732
4330667385
1273412118
231401337
547835464
784371027329617920
784126122283925504
987200989
734814968940482560
4655160435
2513058614
2415820459
765156316423880704
14864105
3107105507
784331167726129152
733678424078848000
752089966579253248
2870822777
2330542284
784306376155594752
750209806728781824
354194318
2157706269
539190497
784259818022277120
765479432542949376
784255329005481984
3148131830
24886523
502489960
88060960
784194199436533761
717491682548187136
1625505013
96570827
343565529
781787885141975040
3325264366
1586290550
3225273603
2252439846
784126225669353472
294523667
460707907
784123494120427520
281011756
3225269651
2592748481
2208996355
2656767272
4614622227
2260360897
864977442
1555195513
2747726835
2239076065
3120432974
4208765721
271462738
148337647
2198352780
784072759491956737
2571915029
784052919243079680
469741599
474101942
4173536241
633027059
294794948
715997713947615237
1160569766
2181649065
315340197
548755759
784023531994619904
408314466
91550764
190038764
144147977
299737172
20123671
784021897881251840
781167688664088576
138065250
730773903006674944
111219712
34750711
1262303582
783997294563631104
2945989575
979009068
4822037321
1163768546
783978205690621952
704234800790552576
85892434
292450384
1225109214
752408088750194688
1600236757
98488897
3139698962
783917863623069696
770320009
774752849939066884
215744942
781058592334020608
783760435656986624
400783218
754002828419530752
767106316317974528
391592293
360776515
126384313
75745606
481136749
475738591
2781187755
783725599152013312
2776666547
198422980
1662122340
264976024
627614161
2550025897
955331341
289410637
778611362746470400
547927415
142651231
2922371647
377479179
719634842372218880
327489565
3173365523
745746813198700544
783640436300771328
3184803419
97226342
783600969393303556
2516877997
783599371338260480
291276684
79257943
290512278
721132174
781810770850017285
783055204149231616
1907388391
23183848
4875448475
462312181
783537318867111937
3953737355
2993800161
584698075
3350446749
109492654
2887373885
783441405855268865
764287411836882944
2770602052
783413525297364992
31880422
253924517
4022420661
160487766
866040716
783386283796271104
766710054158344192
783375298951802880
783382620637986816
783364199649083393
3657012317
2184648749
2264325458
1658015504
761216253650501632
783343203399430145
170069277
13599732
1204639657
392279554
4614720982
2261760691
1629174794
36340420
783297290412953601
1027926146
1870687982
776372658845970432
4319078560
783260402033516544
783250203604357120
3065922603
423658898
783218705966784512
1643827494
174622329
916554367
724305636025098240
293377590
783173797641945088
783173440454918144
783170454907396096
783166392824569857
782277941917081601
783160123384532993
2911371876
780490556019318784
720931251776004096
4606884616
17445882
783066267007746048
39742141
783025566798798848
783031594948919296
2558952479
2698883402
782974811823747074
96305504
783022282092507136
20368592
773020159665704960
2543195406
476851368
133748413
2665646646
2154557222
764857021099278337
2834319951
4220235021
782948406994071552
1718673481
59560250
3079425865
782926936360247298
782910712838549504
437426539
755115404
4105408671
36700522
4843726883
782866307767111680
782862937153236992
761093293698461696
2290033501
3101258906
89745915
3102326902
1928221874
4910770828
906497953
782818190636281856
781595727252361216
782650862216761345
2705959327
382246675
219452002
782744251692150784
782718311536717825
782719170240798722
781158732076113920
2921676265
3568333516
782692434664755200
97724114
731823761272475648
3350897692
747992407
709487814
634134864
782661055797276672
754268830617243648
2463001227
748153717149564928
782655078620540928
528622297
484029679
782639828940656640
782631932752384001
781784125380423680
271120875
35458979
4342978168
1864248272
834704329
782587997686472704
63032139
1101908556
142421389
782524342534111232
246969065
782550284979560448
782551659754979328
782541520893247488
716591209138024448
778666596235616256
286131447
4421485287
2814311385
154714118
332397690
121264014
2172948153
3378545955
105417899
540121840
782496883369533440
386970963
782493142415183872
103759158
782466300325003265
516267064
1162303560
168054497
722496001433608192
782376216712052736
782356720685346817
504237239
735859378532810753
780560830291030017
2254120752
782331507943800832
966385016
764950065710567424
2747750013
2733714304
3311245750
2745875279
770319172165304320
740317058345246722
342041205
767075810863902720
955472184
3323418815
71042699
780494386463473665
781583035581988864
780368913611755520
782288463324413952
52769983
719991550005153792
711981324417048576
773205441622908928
145396365
772017397721169920
1109887616
782260129332854786
761966063986810880
280620040
148074545
142024423
4416588916
207693918
2489777635
2415708711
782215475782643712
299841091
4291892655
297805107
2864878156
782203775738122241
2236106581
244032451
782170004817080320
2906021229
781146957427437568
137265626
368857933
3001987186
3891720886
251774036
3872226377
701812488791322625
728179959273951234
2519719180
723533394
707042640
730886868640927744
1899395641
1935199988
781870641494589440
708266873226465280
776231065950253057
4212929715
3369274887
775567471231242240
3364736411
3151990582
2818532562
781987817878593536
730782981950963713
32168053
781947966575771648
394493689
34922080
740366631298273280
4827818667
2688777314
723216814231052289
781931783587856385
613511142
780632053054267392
781926496399228928
409957341
2869866081
522482788
451450587
781905358302355456
381942251
3718892249
319855377
780881186818326528
761127345201750016
781787994961436673
44856559
781560484592058368
781822611739246592
781821354052124672
3156945916
2419830519
4157578113
768794279678468096
781800020731387904
740342394676072448
206614792
781789068606734336
66109382
781778791425273856
781774776713043968
701166295543373825
142792547
133873903
781760643867213824
771287374659776513
19490395
2468799813
3653424315
2780330724
771515139904241664
3297304956
2742641011
776624027691384832
41006813
3327726698
767188931653701632
3347830355
322270478
376725790
2581074020
747836520984305665
2404039699
1480516807
29731027
410702446
1972678770
331487720
781595381159329792
27294043
781587345200078848
781578697149218816
781582887871246336
188186419
2438345795
3236808668
781571539414245376
781565034455502852
2816674706
252472367
346768797
580634770
759815492127170561
268707065
2998950791
1952493360
4850178585
4835543897
384032818
77734805
2528925771
41913789
4586956047
3326705009
3238512813
571626162
515297080
921876398
778597793732632576
448141195
772755680705085440
472814514
780351877305266176
4045291198
781195990506344448
764164516556992513
105603513
3163939712
1500621007
257061311
785485962
360925256
1049572597
781307139277160448
2291126106
39151934
725135728594829314
455409669
777293551210225665
2590320365
741420113224667137
3384915629
730124915404374020
2762416553
35593700
781221943693434880
712376612701020162
781239654339186688
710167610298646528
868138508
781239540824563712
777181004528246785
241285463
4377215358
781238401219629056
377965966
729242444
2650921
781227616657432576
4096467676
4417186996
781203570607652864
139060610
779253559921639424
781211369408438272
570190425
3025383725
781147949652930561
105437954
1595800356
766639939958239232
763445395645136896
4458052408
2723354153
781176758875873280
807543756
781167929660407808
333964079
780458288727089152
73633395
134112196
708948435249045505
256601990
101928332
1716980953
779998156402659328
125993422
1132293602
778961269432918016
878145554
30089873
779403261694574592
1460067990
1656227245
2830204801
3291983602
767339540528893952
19811932
220309373
25032802
780652614065061889
758370920360714240
560423675
175920137
781040692911042560
313844040
705677079409364992
2769352710
2277835435
1709707370
3311965491
360246273
1914445254
4839655977
1906035794
781005051439542272
1356543746
4003302819
2207030722
196302558
780974619381686272
292657308
810168842
393568517
219481447
3017594469
780842710689210368
1181338417
768742223563350016
972451742
237718046
707519085
100861538
763673761266671616
3396358894
779764044890775553
402729560
778684549433655297
728698397696364545
776049143265591298
768133175503687681
2369619893
2778526058
2205663062
709143607115128832
609847366
1039069363
1026560510
402626878
2912810510
760172473660964865
1657561136
2902203100
441728869
251828835
3352063276
1580150443
912228702
746728542910713856
68099199
780845954517741568
2792470048
701161780488380417
366517385
2206797758
3038550301
321289530
97922169
780830669333073920
780824506013061121
229946090
721776708240678913
780821452136157184
3958055818
1610008680
348429878
1442992026
314574441
346472097
755017784384454656
780807858686300160
4818558076
1098827048
1033097708
2885060680
1396783764
453907002
1474380210
995662632
129549210
1338625614
268475633
183024208
17099894
518486357
780759935084670976
2210874085
383065080
1093206889
109541623
724606628
2160222761
1092828566
130626633
1164334850
328022210
136832548
755554177145827328
306928188
624164157
747439234764705793
198176502
157956227
331203441
776356972610355200
4760422913
108178930
584097116
18860265
766058630
123830575
533015668
2176092176
4876006455
621365690
1355441462
94051699
1287480884
780629563432849410
750355988776116225
148602718
17275727
709400619937832960
704798440
227437651
779215743581843457
420570653
3041579932
396591255
3305553970
42956480
307499954
366800115
447922720
724583487857135616
31120456
780471616069328897
780468268335333377
207241839
254998995
780462813726797824
2683261219
4310906417
465536793
229241575
2862445137
780422992786513921
779574829657841664
780415957118353409
167809565
780398328215461888
780385511030546432
2760419635
742872787505819649
1506826182
2324404185
91857249
779604458883907584
780347017365229568
4923610660
712254650334973953
3129644392
4919195049
780333311948419072
704245436413034496
912940860
743507556493107205
748552205704232961
240060659
780317445873623040
780127379536678912
3187527008
731041683618598912
700862672095547392
3340930786
773898813299908608
780145410157506561
4254431000
777919086223327232
87431839
94437893
544411361
186812461
598358359
738318479795851264
326893679
780136973029740544
192192572
789826566
431081796
2811311640
711896658938863616
306128168
448039926
102693240
780139159981883393
4919124281
581766066
4773763941
3872219519
4895706279
475195037
4891977557
4881395362
725350293056180228
778915564098031616
122906213
113043913
332930386
705132763263983616
2997446362
1517537394
760448987367432192
2449022892
240989684
395281389
1170032924
112516862
720845628574543872
736598482677563393
278658826
758265347921285120
780063607673487360
761884886605135872
262410176
541913479
88939371
2506169231
1852593955
4771766241
780042238621605888
769309988330283008
780033970885029888
103626495
4048455635
3198985037
780004950168465408
2907778011
779024904339456000
2465019131
3855256943
759680898866479104
779973228970336256
462047367
494020930
779946435936681984
1162540934
779947367088914432
4873373571
709853285302276096
2999788875
779914764512268288
82344093
167639367
1895616157
779849712795054080
779856705421213696
4832557252
266863598
146194356
2164599913
2611546856
581780307
779787637959843842
2188256387
1485716971
779772937905856512
999392558
2884178315
779393396205117440
3138297129
1008625273
2569022157
1340224614
330521192
3376514051
3411280961
769231456698761216
262317771
3070669839
169672912
777879725096243201
155842611
768218262974922752
992736828
310822247
214225560
383108031
418417943
94075026
1171629408
779646679314206720
57972344
1467473642
953091337
169888142
1869497575
4782558500
1900229905
748298031150272512
951228842
4226957992
767274231092613121
2727513759
303050816
134391458
2511865158
38081768
1474980146
4820726860
3431841803
763449847781392384
80000299
200167811
779422188340293632
260117000
308403806
203161557
159282177
221423334
779406372882579456
92355704
20906112
777940300140535808
475787210
4283269888
430759354
779383999823245312
3897292337
754724398595178500
504365186
771093085
33736156
2248882000
937538293
176826298
779319728783429632
2736846243
779306395116118016
743833303040548864
779306123769905152
764458393448882176
3056265843
2907282170
536109888
92063146
726730255361269760
2742333495
779272077044056064
778319960472948736
779263938949160960
803493294
1683313814
779240836571815936
779238626781700097
743548649381179396
572850512
170021735
263589185
129523852
761086549089849344
756013926870122496
89533198
345337308
326639978
2247059960
81293985
1947881689
759781459997528065
92924320
16834045
2646706939
766547448625934338
721900047059648512
3027910922
712363991562113024
769935215749922819
2994898596
4831264702
184960174
706200998918955008
779061555115724800
761410305062600704
4568923642
779037421841289216
308387745
768328368945242112
776893189542318080
131103922
4547739275
135292351
760939489023983616
779012983032864768
42080641
761861394287427584
2476841174
410524962
778996022655717376
771685399488032769
947564096
281098482
3080267683
213626669
778980354917076992
715634197747134464
3624630555
501727379
778968671133794305
778127939795873792
2673050652
249683927
272852105
936610802
773886311216345088
778930195856232448
2841621118
1002221468
2397489042
743029253994844160
592972178
778534971942268928
538264085
1543604654
941538342
761121651777908740
249128635
85317702
548471165
2920204757
3093400322
2764566623
474235931
767351938459504640
22198741
483859540
778776815972253696
165517952
769989756222640128
232963804
756489038207541248
757647487503044608
408718992
778705307648135172
368601201
252197857
280995416
463830777
4084121302
365730316
3121108040
778687800916840448
778683322662694916
929859176
1649762167
1568770981
118332044
741717065522941955
1533371551
2310645442
602974223
1625448133
2880980150
778655079859625984
4123089341
778641870930968576
2330767116
4871176341
1893753906
778622143651250176
778060487107969024
360146698
142837329
859471706
25300494
4111377730
1647868016
2740817403
523021259
778575039234973696
778571506968301569
93412884
2695736079
163027736
776078737850900480
731501579359141889
58321802
2653342754
778530871418691584
457156320
155155685
104142775
250296641
2397775525
2708861299
776424179209994240
3395198530
778339477974638592
323109701
325767800
1362377792
583729266
3331378319
613581341
256896575
1553434152
2739180399
3339528453
765209591386873857
778350421245034496
778345640686456832
928125716
1445160902
1289916536
2449825168
38907127
633291160
2948757767
4795516933
755791432020062209
2955379175
778318012369739776
2329057652
2752602155
374707802
2617257176
292491459
59126071
465757720
257225284
711658621877284864
70947541
777264311085502464
126312438
1705130948
2277710911
771688511229587456
97774819
778265201082634240
4501139919
776828524132958208
2782436816
239336012
552209422
739505064566521857
215983155
187158170
398859588
185780382
508493693
245027244
244075438
778196743498395648
708708033426284544
720879979953659904
712262827176759296
775002617067995136
417270850
55521334
830663972
735031153346924545
1671448622
332632540
382566186
2507793351
1522256234
413849104
778133933644972032
2276434399
1871878771
146242851
43071816
426129051
88200569
2735665483
4612349392
3302378155
72140822
708847212
181672114
2977661745
777982859646791681
4704739728
579907471
144211949
777914120154808320
768430424724996096
700766946778812417
323257462
260433838
332676517
111300468
777966361570082816
348977723
776726748079808513
356069288
707988361567412228
777942307148529664
273370544
200124436
434828033
324408285
3928167370
775307773248667648
776491374996783108
3365691195
166982714
777892610006478848
334880127
449311189
498132256
136614594
777830435590144001
3026620211
259211803
767679292604026880
59201450
480461973
898138926
777827795347050496
185221343
262705632
119766430
743963761271279621
777770676925173760
297544439
1326640513
351949049
943434805
1383976082
453313270
2478342115
29427521
3024515949
3097861224
695393548846260224
760028942568943616
170790455
2372675255
777645359581499392
479903496
763049190867992576
2810009016
1254295494
2791543871
730092415353262080
3688037788
732061796736073728
4685478253
759049549939892224
1123323522
4882687919
776851320217202688
2266153124
1555520658
1510370130
35292144
105427696
4081358241
2248601463
777181799130730498
742448228025683968
777582051692310528
2618896429
215359976
138450743
777568722756173824
766564071441170432
777563814019665920
286125563
757244625144930304
777557559867760640
1907864426
44314768
134273309
889740006
1691963178
2236558628
1259642911
151892085
1041851244
37626023
777516369944383488
3104629738
4915031835
777183033510260737
776833376984727552
2875598681
2154261064
777446221359243264
757010808123514880
3822998783
777151860767621121
777463946622230528
1533308467
55524031
310492235
2910792079
2584555672
2802313421
379815098
3525626055
777430895578013696
162362332
774723874055421952
122335605
4562468596
189145595
773935495688650753
761332542834257920
14460899
89672048
534519433
777363224295604224
729720314033283072
176920696
2352253495
719660114
160340331
3346512293
777251637341614081
52408828
172337192
237630054
4635379347
435015649
735441104
1210565492
362173248
360499036
4195613687
210915975
3352980941
777197403250298880
2839459359
3227030003
320151678
3187909731
4923189407
1544429834
2434397697
2164062192
775484460234076160
777161192037113856
777156404826218496
777140560234684416
4855113413
27987309
1239525318
777112629202579457
744775706983292928
764422689020907520
759699265169960960
237384533
210391147
2175645363
746193510
3233663328
434846085
728641371645579265
764000612493033472
776665859276275712
3065909505
47256767
70878581
774868766224244736
2266009786
771783409115000832
4049251360
2921935623
776904431820472324
2786520229
2199497833
1670616686
2197911152
2748909017
28154256
3170733088
754778210894741504
349646725
769916311237435393
771830119111557120
776831154469105664
3297018655
2758252297
26112348
775169132090327041
776821881185898496
4020092999
112511856
2291903917
759459056528527361
403119976
776797346734768128
775749539273768960
776792718563536896
714138510
2761470155
776776014026375170
776778667502424064
707153110158974976
612594095
436857461
71886751
520797765
724157304250204160
776710401086091264
776727049981587456
776723813966946304
14057422
96854472
2741669027
890442169
4479852737
748960582859096064
361475010
776691241727696896
759735239014961152
1071451567
776695900165013504
619785519
770187104097804288
758565931853438976
1710397314
3096774135
774919250167336960
496294098
758209545281871873
4881996855
3370747239
4257575127
153899896
736721781852114948
776598337160089601
745760885860352000
835787358
153177341
1373344399
324840919
765218779898994688
2647589992
335490086
2937062103
774817932610269184
751114027
742458751299522560
3294245909
2167001808
3313166723
91570560
736640224219004928
775710855409336321
103067208
4842743349
776347228902391808
776441520505229313
1172591088
309878453
776495286663413760
2314748343
2420620999
3037883393
3390745606
2394529924
776469497507115008
3740894412
1577041122
776449639692328960
2855671763
732546929708654592
205469203
782241372
775994775291985920
2998951126
773658524597547012
2369119617
776395188981956608
463822471
2831460952
771801791281397761
159954545
756224601697419264
908238114
776373592959385600
2203255117
717404210963288064
253031534
165753329
2999122820
2712223511
3439140934
147615359
3226814601
240210248
712177993045573632
776333951485022208
3596495236
773623489035198464
3308057350
4227312761
4629811702
377432832
974060954
1482083287
773517217942175744
765255235023544322
207096833
18426334
997800499
2197613920
259094993
152395121
750441385095036929
754988440240975872
126668055
2474620269
755814788240908289
522447238
776183008005152768
3954313936
387903133
768810211402457092
1175439187
776167268510302208
2543137853
75883595
754087967497543685
178315916
1553847727
100015185
776147970689466368
773973932336615429
27046597
424395804
33279136
2510122171
3244913518
775720423916965888
714162721126805505
776124814335631360
733384084097892352
2416919029
776109666032033793
776107473224798208
776107470515269632
298445671
773197659771432961
776101437340278785
36346193
2314375076
2786890269
101264050
776062104881299456
776023807366664192
4723339995
422527684
776073130263576576
227635586
776068893282562048
775982920540495873
776054951659307008
123316724
1611181400
733524830624960513
162667348
755857954734301191
177193703
3502070121
16196720
774227570372046849
489712558
2427589644
776003993508143109
519555906
987523554
349033237
775987452976726016
195380439
772749097522622464
469637935
770548539260858369
387710633
974627318
334766884
775818452632231936
765135860392222721
93959361
775955278470664193
770326554434007040
972127909
49611657
764801368880254976
775919175923437568
2230258634
2393276534
755583876274151425
346877375
2794175621
222350451
775158918460891137
700754520452694016
178679890
775852579905531904
592918444
775843211415810049
435619549
622355211
3023110450
322621187
775783704258109440
14740163
148392992
4877350977
826171812
70080284
775750037674528768
3597253755
2253340471
187487757
216445610
775715547589832704
295258459
1397076169
769224309495721985
775680662426771456
775676130997174272
775674802166198272
775670691702173696
741008991107600384
775656225585369088
4647154049
768253724774899712
2167300237
3093753991
741980329418883073
775618883671785472
4599254303
775616578972966912
775611849803005952
195456994
775606127056785408
775438316921585668
2209466854
179448197
2695776224
611751142
2245161626
766704064407011328
290270119
767495112729518082
409040131
767361306362056704
4622713516
775471512627322880
259432543
2849830474
129577992
2498790770
264512389
703744837
428423763
283219911
478734881
3377356684
775419988190593024
102647070
820520174
324523251
775427701096255488
773167922353172481
774214678675357696
775367949217587200
324749369
775414643875602432
361147663
1031433721
2498562432
406897103
314680955
2801950941
210801682
108123785
745691583870287872
107047864
2562903095
398932097
562825599
71367145
2499735536
3547077495
767976118674661377
3095501356
167547934
775330089122881536
244491380
775354177753063425
757909079280881664
789166362
2297826153
2605429921
527072047
546131680
4832877885
1475535116
397480185
17397583
775279403022618624
3381698832
775276663982653440
2693656417
3986548469
323790636
771285091414904832
775226759721656320
331658004
113762087
190056255
775145081326202880
772803927876272128
3532545137
3045118601
190035820
2635790881
1074967176
247112101
161560710
774117784229851136
707391691565764608
775108717331316736
4259624909
631809775
1725784476
754745513195503616
2764120333
770024583663587328
2380465158
298715724
191219926
746253893986824192
979219675
325819820
710132593723842560
4736236059
734776578610171904
1606960399
2975470073
775054982458597377
288951012
712625203499704320
775044760914497536
88818725
2630802867
252761893
2794298609
143422681
775016541075173376
756068215344758784
775000144328658944
774678445842395137
775018216544436225
901644619
775001581402152960
382855162
63949012
766218591381446656
122909981
3192502673
774970784708173824
114817613
704826966
774949504881725440
349704717
2404066938
487790913
183604126
2218176538
276905885
774905521442807808
47422072
473143046
3337678048
120293956
1273138880
1662114145
1907019205
360015571
738211418105745408
2571237938
774878876367478784
3164522345
114860209
2801598435
2504001160
762289322288701443
453041758
1513241438
774607916703879169
3439437790
36057173
774812528194879489
326222658
48248725
2213235054
155246450
3633443895
442045707
2264148646
313101374
774747689657438208
3646560203
472913824
2312652986
3120739422
2922144718
1930067299
774733173708193792
2843620276
774730399633305600
954328388
25532810
743748328190402561
3258487586
733018679143698432
1317966440
341530760
2891455228
251732819
774293462468403201
3361995244
759550797306859520
328043128
331506181
149544363
744166242722975746
4235729836
774652249792536576
96535734
3070368514
4203670180
2742367749
205159232
291169689
316423707
82400600
3177065128
746367675690029057
763469953190203393
142231056
740664835
3253858949
769526386318991360
2491265706
3345062956
2906326648
772548248305369088
938583037
40181960
2758704778
774663632336457728
773903655170871296
2918325651
3905475384
326342252
71152053
2341606238
82844887
568254173
441144621
538184220
630291058
2967396166
436898460
755535416518909952
151520419
304677043
485173774
259785300
45408676
303158954
35452503
774590548313251840
111672120
162735688
771748055725080576
1124481210
302674671
765472639842476033
149964343
2519399704
2706226517
2701810201
158305305
4656841168
59994238
390878202
251067723
1678037486
3053533469
1630396813
286835369
462156639
3729013995
173107692
169488538
1954414321
591998817
398790329
405592622
3046279371
742294623150833664
1600593745
185402094
64174820
701859964265046016
774329913625157632
2884900217
19285407
2582722774
1546601574
407956362
937121605
2746683692
774583764181782528
713297968900808704
770155218751393792
765855690850201600
3336154632
476969045
739945400296148992
774562478181277696
708675887995166720
4294575616
769997025920286720
2375825846
4327971977
1129460779
759757573557846016
755138575440707585
855353005
2270161974
4697870011
393993347
719204071782158337
396492423
738459945151148033
230828867
3152212305
365575341
774503439162277888
82390410
843230352
90885188
3387679474
15263125
4186131005
207898321
4834252154
87490045
774421804689469440
2914451260
72666149
124814008
51723397
772348080167485440
754706231575601156
714543327807406085
292170030
774374529724481536
369198278
259915995
51591233
3023031225
261802458
771546782828421120
328367158
746726893332889600
429015599
774324309301063681
169920092
134420041
764789148431577088
1665768457
41117012
1583134370
706150021146779648
335500117
1463400210
109532800
2756018226
30639097
2953415526
774878294
230787751
522784668
111371986
197546308
4796678896
23870273
236472165
3874001567
200814557
256215014
497029954
2314783120
2913069664
2699667322
1478737063
1239705679
20373941
135475583
188877121
2258860693
569519127
1865003658
366748725
3353398553
53371356
2318655403
3649115641
68761548
603155195
2671686245
65130286
3393790097
3378476853
757466643274473472
333688285
313320489
481428744
773559591330283520
277923991
774129015888023553
771236183208669184
100032309
75487554
774117043033354240
760757672899518464
753196254239350785
3018986061
1052815855
108052332
2748389655
495326210
2998175243
4641737003
4192910355
1407718501
2370009013
3835846095
772386164988928000
773988252508389376
276414142
615362246
709087664688001025
427629199
2762317620
773973389979648000
957194796
755706846141448192
145349740
3068366386
944166758
3785074695
773950712233529344
772899134013595649
714624127194243073
773550226594467840
216292044
4698412820
773470174058049536
773838054549254144
2367273210
3222634390
273130885
744865604482523136
455940541
706777230509101056
2296294870
773883990566666240
760932115634614272
770529245521121280
170831856
2640653379
59762096
249091588
1059355664
704236822566735872
331232073
381638066
2659807959
159565617
3471863368
727951560051990528
773824204252774400
1248483494
82360990
773819440890843136
773799708523388928
766006513571954688
2594641380
4748206474
2153335664
3351414557
3974602691
834043434
773745891433934848
773738463422218240
3008782519
759662498589147136
1529620824
773689490393141248
235891351
773667915363131392
138381849
1713853609
3302506305
2232467293
773641364038909953
1898602244
66334984
198381553
2265962346
125287225
393196491
899972486
398580594
773560821809090560
180575441
2739018665
2204473805
76805229
89749645
773593557747822592
586063794
824239237
384756248
363671388
556359468
356281148
3157720257
725658257772130304
48134368
309221859
773134995875622912
731525737
265618446
169449536
729774783806771200
756909649476157441
57203676
4802298130
355447405
396015454
3489575837
773511991206043649
760409048126750721
349062977
358462513
750698257374908417
773492300659978240
116376659
20512136
2731489439
750787620028968960
737299927773118464
1470003655
70472780
2815356533
756808166378246144
764592072506613761
3346814571
2184743635
393523734
592055465
628035072
773473691153948673
772552660058828800
3872585151
759690625524592641
772526009308635136
2502296971
773449269747544064
336574516
772870173359505409
4155099976
764917164751151105
2194415704
713401535384961025
773426061988270084
182860597
773398775574528000
4696196024
732285385045213184
771116419996057600
1052941212
304559688
2176671286
250599167
770396054172889088
3386247233
277602416
753574519969812481
773282967947018241
1551075326
3036452051
773163628371537920
762262847082663936
773272007983128576
752913230255759361
1447648934
773260427560120325
12541352
4515783927
2353375739
46814979
713753960784519169
1484823254
203296651
360236989
3087573430
727521674736840705
3037400529
236116436
722314442726313984
4664700441
1198522819
2565736365
1334854722
747716830702219264
768509026615296002
2537611471
717838189172551680
139461626
222766291
187699300
493090393
220842496
741258465780326400
230890059
1519923030
772894925482582016
363337585
1467017389
825614540
264327115
716243906
4474715181
450029114
773134159200055296
773116099084840960
3419190736
144089386
115777634
772898438103130112
502143105
1021313930
229554415
773095106824007680
771421374862589954
161345146
3439269484
467407516
245281079
131209651
764770931524956160
1570789358
3346890437
761478554995527681
147579491
718706180751687680
773060071106445312
397495458
446582666
300130300
3156928207
633273876
332746236
38176720
284225423
32858804
246766471
773042797976907776
47398456
1959046256
2795645916
300692497
337099735
2585130608
779715470
772952295369768960
763733761620004864
103755115
391496134
704737446622273537
770550987442491392
89292424
772914042130366464
941717978
1000759765
3494307023
270917821
586734995
43390060
2304023844
765604035097419776
2347399933
109239194
770220059524489216
409354890
102479353
4538119216
303329475
578330087
772869025932148736
120862051
772862439922827264
324932344
215209729
2695795481
752631480648601600
86888785
83795633
143759715
16647729
311453615
3137670491
764376381564256257
3128385965
2887615120
65610745
1911398624
270205705
79255406
251546401
86714924
601429506
3058280838
4602849513
772815163472900096
772811973666955265
51446488
772808352921419776
4466202809
630479921
3804202883
772791344699961344
772740923348377600
4061574292
429058957
772771676757032960
2332218703
2787620017
461228088
1304329242
772742305619046400
2241287700
769504543415631872
736784527
1959342902
752173173135839232
837531240
372862556
201406665
2905514115
766576380091961344
206079287
112182257
2377724080
3534385106
584848090
772634234024591360
1477603346
358134728
136035351
747258951637549056
54399029
1025110232
1643475626
229667041
42205331
565970025
3302386360
1596858576
772573019499880449
750822321791926274
724325813240340480
39026694
281450149
772526566614106114
191009669
772088827091582976
772552241337237505
117374684
772546771599888384
754963197367558144
753492012
958920482
40637886
257752242
533272839
431683872
772522822702927872
145941806
2987420489
771425220917862402
730794303828709376
27884506
331486019
735306636
772495449110487041
2615803435
73957911
772481573576933376
706543568182095872
56373916
2900506756
772497153948352512
772490080837591040
736219801
568579904
2939410451
613756795
727921767646384128
2781484887
4748566103
772480704131325952
583281133
79146611
1372942560
772473263998005249
726674359209844736
3420394221
427730798
4918873529
768577966980947968
33435637
772445904896921600
2546804520
772411723475222532
246492360
358292922
1267372213
122988362
944152710
755190476320313344
601768050
757309347991003140
2443579472
772411746334171136
174987213
3314440991
2288590954
772391119057461248
772385556911251456
69588009
738289168510537728
772312169689915392
1140468637
1333743390
1488642674
429890493
1536883038
2914252085
1570908576
3046626976
215756544
772339913236897792
772336610604093440
778798034
772098002257317888
69842489
764411516057751552
2190222779
273813566
1515920276
2260357274
126437210
102119837
61516171
1664695466
4869250666
188346303
768116434559913985
149268015
724224776
355601639
200895896
223958454
1338645901
586223133
1628979733
772262673677451264
2389462254
238541659
426504780
2260430772
3959351422
770984569113894912
105891081
750637365803311104
772220170056134656
771716683274809344
1083173516
74112573
4604853380
1219377871
772201430019178496
2831368013
1292429382
714167596908720128
727187939109797890
772185155742097408
710464311
580268792
772173885651480577
1591299157
708166585970634752
3310780113
124882174
3096390587
772155187301679104
772154961476059136
240888332
410929478
422822574
763520144954064896
290436776
276197927
399997705
704458170199052288
512267785
531162943
451033181
32759620
258723391
151078543
416402987
286475348
851188483
186449892
722090210
1513932348
2743019811
726279592454029312
4849252809
257482629
3033033449
2874424427
484490230
772093635978530817
34094799
1943152567
1861928347
4803432701
696839226143416320
1083833959
747096648388612096
394999368
2182174929
4233419193
2476968483
4235721916
772049240201760768
755095659234066433
90474926
435707551
741968806424236032
3344521174
980526030
767385830906298369
2341948927
2973619371
2738994729
143415214
353265732
275220775
747528827358715904
464818019
2935425129
424790893
765760199516979205
2853632963
2319499272
754775024905687040
28550107
938750774
411040794
122993646
79996022
2336395355
2829449869
467697228
748387718569299969
58812821
418037591
2280747842
764666638981619712
1372802101
1317087187
1250332603
516993328
599380995
1274787368
771810417614159873
2517758611
1525613754
2256215060
993055110
2150125195
50029220
20971548
127461920
769764834158190592
3170446778
771740257473683457
2854534456
771737962983919616
766572412351737856
771725961901531136
1048843249
726352492406136832
771705593971273728
18670384
59993667
3640247787
216046207
771668887347744768
1036985917
289283174
771674588606525440
771671322237685760
710984831622975488
727177065628336128
466176533
4889684956
770857436030898176
3315664319
757301577304727552
17946911
2227359638
4764618261
2721639064
2905019032
165007018
108565235
240829415
300427053
4807788994
767642973316255744
771598717543591936
771576080368939008
2227524279
771590462385762304
3376212839
758752997031620609
179692178
458191792
581707202
96569919
712295794834075648
1035773850
3005195301
331173596
74426871
1418538709
3871245904
477772776
626536242
1589145367
597895537
80353801
3130689315
2195347028
587786127
1031050141
2412960720
582741440
406486081
754053865394274304
536263685
395328816
915610891
111715363
69707558
718760318277722113
289526327
3196690971
2921148669
2265056996
1030272793
2724743967
162324797
491229890
3704931076
731787638081003520
3026427141
478497592
3055307457
291634562
753752978
368400213
758673107737579520
1604121444
548402068
769831560061353984
2191186460
106444037
710596153486798848
560618404
1577864336
1120173512
3014266611
398078112
171796098
3423147400
2387671620
369507026
715156007
747193247840276480
110474913
756249232408018946
755919632389836800
237725850
709357196501491712
594873888
957402830
2497060027
709196134
2709178569
217586918
766965009549234176
3310530825
222782556
751416928632184832
2261736830
327830792
154427282
1949845711
123743184
4241465547
2942932408
216248822
354878130
1577795070
4252802661
771378664978145280
4056266896
47138228
913216670
309663648
3594889213
781156003
1174520437
3052630099
771334725017432065
154087869
747053490350993408
771314891600695296
169558081
771303235768426496
761273662251134976
3814640963
60582755
771307221397413888
292957340
2836332172
2449797732
2977826477
771069754102669312
3049447001
712218652783857668
812975588
199274671
3029660983
999685970
232757148
771239482397904896
336741137
771036638428459008
775900956
190639088
3157431659
107095579
17030435
187194620
769605462270640128
769687980009218048
771116175510081540
753204101161295872
2188072512
3315236880
754740423533420544
771068101001641984
771005442243846144
350712146
771091155048103936
133389161
724151794897674240
2867767593
391292924
766950430198734848
283516435
771082263962451969
288880039
162805892
2250793044
124096471
3300267579
1073621011
3385455857
266451561
3771449913
2971872694
195043860
3361345599
2504042564
1547899208
771034095799369728
725240119708491777
363680552
438307539
751886581338865664
96980009
771034093123428352
311079484
2723193010
771015501900288001
415154137
2808358432
123361053
2936822151
2802043732
3357781030
770991383419256839
770979089389854720
1472198772
247897536
475634579
770969570945429505
761992646122438656
3140828017
398713474
132490111
258035872
2273663960
304280330
725448972651905024
1715985948
717458798030487552
737074277120348161
2645360546
3342562823
316820041
770870732133920768
758506342717980672
242418728
54374158
2186020131
622242914
367406110
56344398
514455738
387451865
48472244
396045903
628694884
4726534274
2970947043
280532418
1847850114
16282048
770726924163379200
753205897
770746823644512257
825936074
535745525
1050958831
770731002759118849
755075371163344896
2878657040
274918857
703522118265401344
2486710875
3376847944
72211167
770708054669230083
770327747730235392
261667946
115195675
752927927101231104
770701033970528256
407011060
510459414
721853390
770675275587813376
754943364701749248
205125166
108664025
245916181
2599362986
17756081
2562094349
4330824514
751542547
257816164
3094458803
280013355
46762036
295162392
3073401428
770615908058357760
190049758
457395529
484940575
217690583
770611799184072705
768802835085529088
4874872882
17706256
3381597394
16351784
392743798
444885902
481300397
2308681052
753332317595262976
434807662
228671309
634588383
186043227
189868631
3214505223
96435989
770549609554935808
694583200765612033
361048014
85800939
757682053676752900
3031840194
770535790917156864
23595391
69108295
770511489111326721
101216331
282151744
768428854927056896
1872491204
1892943842
1151710850
3082593617
763728622918270976
770374066729615360
2693214675
2216297853
83899689
2816620603
3025677418
4689482845
749617460282875904
770379503973593088
746532573828919296
37128861
770375745646518276
306238232
2747183181
770372273891053568
769161968569688064
3783766192
176350666
935058350
223239044
4719698594
770356831109713920
770346749374464000
770349329278263296
1225912208
770343780826349568
145293185
2361643976
3226206119
770334389293154304
758759457027416065
1370747984
748650797978755072
1337436624
63936041
50641753
276393733
1210184204
770323892347015168
2567730118
161943023
1726326260
769194406725378049
1447254326
411884493
89325546
704357665913307136
718510418919088128
196709542
766621716374179840
2810490463
761455291657510912
21051202
1480360495
770287030102360065
1482052759
95213366
759787174073995264
712930770353045504
770251775651840000
770000447721668608
230813007
4449962957
408639185
295313635
2284718497
4040349657
3037167027
404071185
4649025675
3429735292
767268790128312320
770183601107439616
255035459
30003099
1193249077
199894769
769923033641414657
224022064
767040926300643329
578031511
732107702642450433
754307749496979456
769789627578318848
700707449079201792
230663047
360562827
4475008222
2227933160
2197348567
3296203734
392831407
37877825
765505436279644160
32354136
3316853117
193503991
1215179118
365473225
2316929268
16545849
268996560
486956777
770062983636606976
4835761280
181912474
764918731470475264
4292799221
4869339197
741700315595059201
770019619914518528
332244018
4782088235
761984776685424640
770013292718911489
770016036443807744
99913139
3028470533
1392048512
714149860656685056
361884023
750083858779996161
766752829520375808
189956433
742020125780541440
205456098
769975858350227457
769996636428926977
2287045304
769999430644862977
3341829813
232536742
804415243
757753766863114240
2251908788
200910230
757704330875179008
2555853363
315996345
756747073664520192
489771830
769672850437537792
713068633535197184
559300608
1491242995
1479090337
3125529847
2936920433
769966641203519488
769559957490561025
186974154
58447946
2379813064
769863746797899776
204849577
108439198
382598191
4375462469
61323955
3145463547
165494755
769170133570977792
2211060194
1044599738
2277573314
769887566057336834
105756609
465609875
1537270748
3043649081
444500204
769941179978944514
3242266075
322093030
1500687684
484807397
579145741
767664056450871296
2578384729
736629043131502592
266775928
803176154
720769640721297409
163579496
755706552796012545
371964113
3311054555
162106390
596326747
3165882656
928196946
1589253588
769846701117075456
43812853
175398046
1079633850
280571115
632065795
941581736
1158666446
336685815
730413708757897216
138319531
486094052
601198611
6068542
409472180
965884692
294819868
769887404241059841
728685330396815365
29450317
761270221961359360
100011228
108615897
2571865781
186664154
292526428
90594834
184419204
422221266
965783114
2294094200
762318575717810177
2277260034
37507323
695636213592629248
1968643668
752187221051047937
353262791
769838599261093888
3407190041
3290423368
240642752
2999710840
425101931
769831407782924288
769817663610683392
769826116920020992
2958133679
1606948957
2705207238
89428339
2267806992
1689340250
1640119705
1648096309
730283131
769801916973015040
709322964018270208
2174467242
3126352921
75944553
769603348005842944
1729518788
295345956
435703301
585441589
3070621070
3254378792
26157932
3807941775
769671918714757122
183763214
366257408
483783850
483142161
1035686576
2256098132
769652792227225600
981301387
2459607132
1547882216
2794166596
207014538
456189762
2353991866
41964836
769545777718886400
1149088944
190662041
348360504
185870188
17173761
2284365914
31957479
77054160
758730320627634176
769141925538590720
158507006
294050212
163083221
285238108
3092635708
769604858341158912
633239129
718479703
769569028310466560
2788054062
1098068227
762369148965957632
3121778687
769562074154434560
1438557522
401954898
701328925662777344
254395800
115021287
3515486173
3229960889
2520989176
350227404
937489982
1693152108
702529679
769523839202168832
4308021140
367064833
286731096
475951843
725705168856203265
711649865298739200
983270113
769507111126568960
3041948325
2587965798
769503293630517248
3063870675
746319678486757376
769500561381199872
53390676
3257983970
730431783142080512
201176728
212140297
446550380
145354945
4374822557
18881212
351630808
712241728200249344
2522062693
379065614
86587160
457626512
861864872
2230685987
152905429
400231601
1170404719
1445709277
4225189635
178123389
463577829
797154139
84411450
3025386431
585853973
447362652
3119532172
1090189542
4185469473
735933962732896257
1630984382
115981300
450559914
2227524118
398748073
47137282
3186650830
769448840504152065
769443686954504192
767313748830846976
393578632
464971302
364112951
754642983450996736
2898382947
718484193609703424
2595039078
167703100
758123641997582336
768086288469782528
2159433876
107374768
3133713255
1091803568
596726800
439500407
2792346330
4826188329
754342226747072512
153116926
3084792934
2700212158
3480445040
591141619
498986603
2695832898
3595897095
93348333
635753631
769298698241204225
2986315007
1202220414
3390784024
310701831
769291492221476864
97153641
550849911
413596013
1853898139
754338705045909504
515817128
309130830
769073573277335553
555507192
566495314
4784237962
83195709
76904782
769224788824948737
768539851775938560
76598521
2300154881
4755249855
2944852829
3419655843
769154119206572033
769255447723409408
763728249981636609
1512124903
2149631892
119178885
3006824913
308059177
744135575574355968
1575436675
1243559970
2316757159
137832940
3288895551
76031833
235115889
769188692804022274
452433103
366801461
119020026
2412887445
2880009093
535395547
735162670366785536
3305115179
769212781946101760
3776474837
757623110652813312
745124717414080512
493493817
259869951
162864148
2236212539
183387058
239094973
96329099
277168836
502318985
721530780
333350457
483888399
154259591
2502743481
22023762
4080833919
3033068613
4923358348
1273013905
769182220728799232
3910205721
767255759050698752
2596986558
590203850
2485140876
1641452659
4748432656
769110422834163712
227236685
769145908143480832
754323325904642048
769130979281764352
1440862934
18973690
306306201
766657003666214912
738670940435910657
720190959984775168
768751860459171840
768178526
769122065412743168
944215284
3311134834
769108738368237568
769069598658404352
178006237
2371371677
742347750780592128
471300810
1266776978
769089432192417797
283420934
3350662433
766626169496203264
67572935
769078399679733760
2386592818
3981772473
2328626330
768886756494155776
146837485
767972216705261568
4827874961
769048557236224000
737208182821376000
706528025328885760
96815484
287078145
114682382
768909970314137600
768921902878453760
768940115309789184
70751011
3248399778
16031699
765844734506041344
1099092907
576599676
1920897234
700094421
54833734
141613464
768910905602109440
2741713943
1066961960
864650838
96111201
1492873945
227876364
2874181181
317358778
176795770
14174434
1700736908
768877422108368896
186405854
768871784951185412
755252646
30846811
152181758
768784242704875520
4858323334
1188859652
2201913428
1685867246
166603629
523789507
2901416338
766681284424896512
145687637
103806359
224232986
754219572190965760
233051084
1646132388
1201412954
